282.702850 262.058716 244.315292 222.037338 221.050858 219.987946 233.183441 261.004578 311.829193 366.798340 435.673950 519.562927 637.298279 780.196594 963.289917 1243.061646 1566.449829 1931.270630 2246.040283 2623.332275 2893.618652 3086.987305 2975.366943 2770.977051 2384.723633 2028.488403 1601.726685 1353.192505 1063.056274 860.165466 791.636353 762.894348
279.391235 266.653015 259.454132 227.700607 233.283569 227.004654 234.955307 248.614197 285.998138 331.882721 402.548401 471.766174 582.667664 697.310913 851.904358 1092.545410 1399.744507 1679.427734 2013.583374 2332.825439 2573.532227 2722.135986 2658.714111 2488.461914 2206.402100 1813.067749 1488.212280 1233.408325 993.411560 801.580017 699.851624 714.501587
334.801147 309.832520 297.138092 263.167389 254.181381 246.621246 243.047897 242.200653 256.059509 295.068939 352.418213 410.971313 503.666931 584.983948 735.660217 937.345581 1177.242310 1373.362549 1714.570801 1998.107666 2180.150391 2226.936035 2247.499512 2141.852539 1896.964722 1566.065430 1303.822266 1097.321777 877.797668 726.343689 637.917114 621.467163
383.521179 354.477905 328.771271 297.985077 276.935577 266.649475 232.837173 228.740616 227.127930 252.445740 278.577820 322.386139 385.653595 445.263184 556.396606 711.118225 901.961060 1045.889282 1304.559082 1519.880493 1664.173340 1692.150024 1753.576050 1631.400757 1475.560425 1253.294800 1055.315796 865.102356 689.520203 581.897888 496.072266 487.834473
488.563995 472.455597 433.758057 378.977570 332.254425 297.125366 254.670944 227.245422 213.493805 214.222412 224.934845 246.970795 288.524811 328.894379 405.480530 513.720032 643.167175 770.282166 957.724304 1127.122070 1232.305176 1325.003296 1353.915527 1300.336914 1165.652466 1030.795776 870.895325 713.160583 570.725525 486.707733 405.417542 397.850800
645.847351 612.420898 551.043213 463.647583 391.266815 327.983856 265.721710 221.217651 191.459045 179.407639 178.588394 188.755203 212.496399 240.765717 292.973175 368.515381 459.165436 540.479858 676.632385 806.402466 913.669678 976.033020 1006.852112 993.330811 927.551086 801.148438 683.538208 568.958008 470.099152 396.140625 341.335663 327.749146
871.081787 800.779053 728.109863 584.657776 479.420135 367.477173 287.733765 220.161072 179.338318 158.252335 143.535889 143.633942 159.416138 175.745224 209.573563 259.040558 316.390656 381.981598 478.524292 565.397217 625.323059 691.601868 735.890076 735.225403 699.446411 616.438904 549.656433 459.122589 383.264832 321.515686 279.348907 277.284119
1112.053467 997.083130 889.117920 718.145020 570.576721 441.717346 318.746826 237.438416 178.386246 149.400131 118.259209 116.766998 126.020157 136.012268 156.802780 194.615494 236.855560 284.513580 345.280273 415.516205 470.359100 517.987427 571.535706 577.014954 561.406982 512.421570 465.248566 398.162170 333.126526 288.664215 250.348938 245.626236
1471.910767 1344.310303 1153.979004 921.890320 696.230347 523.215820 359.458923 260.371887 176.837769 132.003494 101.268158 91.623482 94.285027 101.790466 116.966331 142.532440 171.625748 209.116272 261.002441 304.521545 354.741272 391.660095 438.150940 462.220581 447.034485 419.628265 398.631287 347.295197 306.645538 269.247070 237.815552 225.314392
1860.044678 1701.711670 1418.719360 1108.485352 810.320984 582.291931 391.912598 270.978455 174.789108 125.896111 92.430656 79.305832 77.693710 82.762581 92.011055 109.158020 131.698685 159.924545 205.943848 240.073196 285.561829 313.523895 356.397369 372.517944 374.515564 353.881958 343.646606 302.850861 281.323883 258.459290 231.773315 225.519196
2462.420410 2212.313721 1784.773438 1364.722412 987.016052 682.671204 443.603119 301.266754 187.220917 127.973778 93.099258 75.702560 73.728432 73.260368 77.377747 90.152893 106.706375 134.042587 170.393555 195.954941 232.377213 259.910767 297.730652 313.920380 320.127808 320.417908 310.144623 281.323730 265.467285 247.983765 238.009903 234.742584
2917.583496 2548.715088 2063.882080 1568.698486 1113.506104 783.509766 506.052399 332.122955 207.310959 137.704742 93.410576 75.266617 69.815285 68.378967 67.635162 80.205101 93.496765 114.057762 140.310349 164.386749 193.440933 214.678848 248.082626 273.109161 279.490021 276.428558 272.526855 264.081299 248.616653 239.052124 235.443649 239.556854
3035.512939 2782.099365 2194.386475 1712.629150 1215.029541 857.872620 560.305359 374.860107 232.699677 151.072235 104.659172 80.437569 73.360580 68.608757 68.056671 76.038063 90.205513 105.762062 128.145874 146.078018 171.570450 196.158371 226.905106 253.852692 256.868378 265.347076 270.346375 262.300812 252.042206 246.476288 248.193909 247.630325
2969.148682 2703.987549 2230.560059 1719.879272 1266.233521 877.021179 596.847534 402.454712 253.684402 166.868805 119.467697 88.076729 78.840996 71.972885 69.677101 77.579063 85.997658 101.150978 117.472969 134.264862 157.120392 179.101196 209.115356 236.322906 246.868729 258.558044 267.223633 265.436096 257.591949 262.015991 256.860901 263.453003
2937.999268 2662.051514 2218.113281 1759.414795 1329.282837 932.883484 629.689392 446.839172 289.185730 193.807007 135.872253 102.610962 87.465462 79.766174 74.393143 81.807060 88.655708 97.755486 109.771217 123.773598 145.525970 166.966217 195.651810 221.062744 239.418808 257.811798 276.767029 274.908539 272.905945 278.220490 269.142883 277.952423
2470.689697 2268.585205 1943.645874 1594.754883 1212.946899 899.097168 656.557007 460.550629 312.786560 217.785706 153.588501 119.732231 98.821640 91.147789 84.259270 90.003250 94.385445 103.483673 112.918137 125.600021 145.295990 167.012695 196.833206 223.151550 243.807098 259.746002 283.497650 285.072510 283.799438 291.111176 287.989288 298.725739
2032.682129 1920.920898 1688.841553 1461.410645 1162.531250 906.157349 703.291382 509.320251 361.900940 268.058197 192.532562 152.516953 126.018707 116.194366 107.083824 112.492638 112.909454 120.018166 129.833389 142.212067 161.541946 178.165253 206.658600 235.873154 256.595093 275.621216 305.451294 300.684326 308.631470 313.848511 310.161163 315.353668
1675.869873 1551.828857 1427.729492 1274.154175 1085.611206 887.339539 737.944397 545.413391 405.667328 306.273224 234.594040 189.882034 158.054382 141.133636 130.304443 131.818771 128.762421 133.488312 143.495071 157.045364 171.695847 190.534454 216.531570 249.941757 266.138062 284.363190 317.586517 314.252625 323.619049 336.492859 327.169037 339.268158
1298.491455 1259.233398 1222.442139 1121.252930 1009.818604 915.786804 759.331055 604.997131 477.043365 373.995361 287.257111 239.712219 199.571121 178.698334 163.659821 158.454102 151.840851 154.603378 157.602097 169.089630 183.981369 204.970245 232.211304 269.455566 288.509277 311.112213 344.319275 337.051392 346.346069 360.049652 345.678375 358.074921
1119.965332 1084.285400 1075.995605 1008.709412 954.833252 885.169128 810.018066 666.170654 537.242371 441.693604 381.024261 315.907623 263.289642 237.318649 207.848724 198.675842 182.830627 180.834412 181.586273 188.466415 203.743576 224.737732 250.143280 286.116852 306.845093 326.242645 353.785797 350.029816 356.399323 366.086823 364.992554 380.337128
942.701721 918.357910 910.851074 906.984497 862.043579 859.038574 800.202942 721.594238 608.635864 559.109741 484.364502 400.479523 345.289368 312.520355 272.710205 264.375336 241.474426 231.247772 223.555450 235.261597 251.238754 271.579071 297.678345 331.003326 355.669678 373.038361 389.321747 383.933655 370.300171 381.462952 374.430267 388.194672
771.235046 763.460815 750.201355 774.843567 778.338623 789.579895 776.534180 724.589722 669.570923 621.205505 580.012085 493.815155 433.080902 383.940186 344.754486 323.349670 297.073334 279.508423 272.767853 286.361206 302.288605 318.396698 348.239075 380.942902 385.920013 396.282227 405.756866 396.009491 377.710999 381.955414 383.259766 387.418030
634.375610 627.853699 647.712891 684.146790 721.722595 752.852966 780.205566 761.235168 746.220398 725.728638 694.629150 617.617371 547.072632 495.320129 447.746033 418.173035 385.533356 375.280579 363.316284 384.120209 398.088074 397.782898 425.612610 454.098724 446.969696 453.126526 452.012207 434.191193 409.218201 399.403229 399.626282 400.022247
559.132202 553.749146 567.742737 600.842224 646.954895 676.483093 730.445984 714.478027 722.417908 718.904724 726.494019 651.121155 600.186157 554.411377 523.945618 493.118927 450.687836 444.202606 437.418854 459.447601 479.341187 486.220886 518.294922 544.766724 519.721558 512.441528 476.191711 463.412964 434.573944 425.428314 415.102386 422.997009
464.713013 447.923523 475.409637 506.464020 570.385986 599.632568 640.828674 670.723572 679.909485 717.308472 725.954224 703.658691 652.813782 641.503113 624.315979 600.197021 573.587280 556.859253 541.050110 583.172974 588.436157 624.542175 657.860168 663.797791 655.711609 594.437927 541.455444 510.550903 482.510193 469.938934 443.978546 441.637817
369.009735 369.356506 387.697815 416.492981 473.280060 509.578400 546.353516 586.874390 628.353027 674.704285 708.495789 706.521118 691.745789 693.056396 694.481201 681.194702 699.454468 658.573486 662.638489 717.825745 736.491028 771.648376 813.987671 804.492249 770.820679 674.098633 614.534912 572.638672 524.155029 496.447968 464.743622 466.919891
318.930267 312.358429 330.146759 359.915466 412.781311 459.991455 505.157532 565.673218 609.215210 669.508118 734.187622 763.048950 766.939453 787.448425 815.352173 823.897217 873.171204 863.636108 886.369202 968.241333 993.807556 1010.583374 1046.402100 1020.773743 946.160461 822.479614 728.868164 673.874390 594.069946 550.887756 519.433716 505.202728
266.603088 265.468445 267.102783 292.444336 342.181641 381.594269 428.575775 493.377533 553.637268 618.948608 717.791809 751.331116 789.618469 817.355896 882.829041 893.280396 951.398743 960.193848 1008.356140 1079.438477 1114.937500 1123.852295 1145.391602 1101.765015 1025.911865 908.991821 800.803711 730.894409 645.716553 593.464294 543.359375 541.365356
222.203049 216.510651 226.580093 241.540329 293.677673 339.938568 389.056183 456.454865 521.995056 596.336304 713.207153 766.505493 819.125305 887.210938 950.515381 1022.664551 1053.430542 1097.575439 1150.628174 1212.379028 1288.489746 1301.260864 1298.968384 1292.968018 1145.982178 1039.101196 898.719666 824.165039 711.988953 644.067078 588.462952 583.894714
187.462814 184.772293 193.202347 207.232666 256.619324 302.087372 346.282562 423.116608 491.678406 568.136841 679.427063 735.846436 817.606812 894.097778 960.724854 1053.305054 1135.078857 1186.885376 1240.755859 1298.921387 1390.810181 1413.104004 1394.611694 1372.471680 1234.792480 1106.760254 975.107056 875.697205 756.720642 666.122009 609.157654 599.114319
165.996704 165.350769 174.630569 186.866974 233.919403 268.898895 323.888336 409.705750 485.272369 555.014587 672.038635 753.825256 828.543701 905.678467 1013.021301 1112.559692 1235.030396 1319.190308 1360.448975 1432.518555 1492.730591 1525.987061 1534.024414 1462.739014 1313.734497 1192.003418 1063.295532 932.145813 806.499878 713.124573 638.722412 623.564453
163.970978 171.068771 167.875473 176.545425 226.457230 260.893707 306.297272 382.308258 471.407623 539.229736 652.135681 736.898315 826.483948 904.603149 1001.757751 1090.702026 1231.577515 1324.569824 1318.381592 1412.689819 1501.244507 1522.368042 1519.913818 1474.039062 1273.313721 1182.977173 1039.732788 929.903564 793.723389 700.693176 605.962402 581.831787
