6.512122258782734207e+03
3.107959790908450486e+03
2.992483482610316514e+03
4.044650942490211492e+02
1.280750798404697662e+03
4.606528072328695998e+03
9.096735983025666428e+03
7.213806784109100590e+03
7.777885201035615864e+03
1.673998395645116261e+03
6.418291716891994838e+03
8.817448307183667566e+03
6.675979628804039749e+03
8.044560150403221087e+03
3.266071197930114067e+03
6.090931875527648117e+03
5.755136073613459303e+03
6.798680994957445364e+03
8.111451481834059450e+03
9.018548492327745407e+03
8.948991013213438919e+02
3.981271645325152349e+03
5.104943730047447389e+03
7.569106779935698796e+03
9.258542129651001233e+03
5.990725642087585584e+03
4.072106223019294248e+03
7.763646647180702530e+03
4.703203038792545158e+03
8.815323171488988010e+03
3.501524373387561809e+03
1.456898556725858498e+03
1.521738471305606666e+01
3.545392282773211718e+03
2.560687112981469454e+03
5.996888888339338337e+03
8.917684899277919612e+03
9.049471660522376624e+03
2.772633720861031634e+03
1.792721161598359686e+03
3.792934840260719284e+03
8.177526341736162067e+03
4.593092677571097738e+03
9.815621218550879348e+03
1.880729916587746118e+02
4.605207102129425948e+03
2.403157535116209147e+03
3.384351025778220901e+03
1.966877746409207930e+03
5.710817543570626185e+03
3.707281301773638461e+03
8.314124336782366299e+03
5.654539053352512383e+03
4.606126525203963865e+03
4.562376732734346660e+03
6.659283511947445731e+03
9.928549639413786281e+03
7.256679197870045073e+01
8.034507592278469019e+03
2.347218207914455434e+03
8.082476045493282982e+03
9.362228566938827498e+03
3.261452377183259159e+03
6.700969149583028411e+03
6.390451149579843332e+03
2.210120001887480612e+03
9.456916528508203555e+03
4.451796343091519702e+03
3.682648213689423301e+03
2.623472542654273184e+03
9.925074707035266329e+03
8.459316067096457118e+03
9.676147569406432012e+03
5.900248842378329755e+03
9.509607929481860538e+02
8.569385175443969274e+03
9.898868042055006299e+03
1.365914306235119057e+03
9.669876018540746827e+02
2.017151401523563663e+03
5.403154270530949361e+03
3.865892950349936200e+03
1.525569714011251335e+03
8.186334613760396678e+03
5.347788651129272694e+03
8.821505491542300661e+03
6.284266623161564894e+03
3.378174667146723095e+03
4.608304611511764961e+03
1.409945542803971421e+03
1.646820548194188405e+03
9.523058719626263837e+02
1.235523754059977591e+03
2.014847927414854212e+03
3.786866481371118880e+03
1.537011431290938162e+03
5.193570481655442563e+03
6.606526180888853560e+03
6.782077228787107742e+03
8.363490208088016971e+02
1.799653943534155133e+03
4.225485682520003138e+03
8.143784898854408311e+03
5.489329595974300901e+03
2.288676124927626006e+03
1.272830931567432572e+03
5.817056824246817087e+03
6.758674028949236344e+03
5.073121934180501739e+03
6.105783956254261284e+03
8.670851801144097408e+03
3.273904341815439807e+02
2.001745191997299798e+03
3.622166823781873063e+03
6.691122353521486730e+03
8.301064990530108844e+03
6.247602218379587612e+03
7.380023062068460604e+03
2.702570971708631532e+03
9.008338340770973446e+03
5.219693197502744624e+03
8.135978232178170401e+03
9.832206331712965039e+03
6.043351673015629785e+03
5.664016050101878136e+03
7.254248678563792964e+03
8.656810188111126990e+03
9.575624702266011809e+03
5.939651214615569188e+02
9.520498403611703907e+03
5.342063951968865695e+03
9.260114668647222061e+03
6.958536821441123720e+03
2.472963069226849200e+02
3.067017974991501433e+03
5.220014241152053728e+03
3.652654473303909981e+03
6.962484825041158729e+03
4.229826903903238417e+03
8.915783409068289984e+03
4.161321672085328828e+03
4.826252432032032971e+02
2.455207120152926564e+03
7.349518387626139884e+03
5.797774443383817015e+03
8.654660692637200555e+03
8.019181344744102717e+03
9.720209223291176386e+03
8.847884141682117843e+03
5.766167875479987742e+03
1.014787708979090013e+02
6.956874435369668390e+03
4.085526789164885940e+03
5.201261955437844335e+03
3.970230913246803993e+03
7.986846265681580007e+03
9.774119779021621071e+03
7.161242173754810210e+03
7.877434157525266528e+03
6.580403724773561407e+03
9.793223013427361366e+03
9.165306910887888080e+03
2.297116450201660427e+03
2.273179572484306391e+03
5.095774523750127628e+03
6.184651615593961651e+03
8.226178586817428368e+03
4.802128733531764738e+03
5.971881362669765622e+03
8.527219590796161356e+03
9.202167406736502016e+03
5.343232903061756588e+03
4.489600127797886671e+03
2.630600165336217287e+03
8.441166974568965088e+03
7.681126279325928408e+03
8.729132882415118729e+03
6.543386813351755791e+02
1.319662339783237428e+02
1.156869546373164667e+03
7.234607074449266293e+03
3.525522989604144186e+02
9.288432222182698752e+03
1.027728521973039733e+03
3.003373580257706635e+03
3.534527805129189915e+02
8.323549698039287250e+03
8.281384656910016929e+03
2.327029217997970591e+03
6.404622931794581291e+02
5.213756677590972686e+03
2.576970527798606327e+03
5.241126736261780025e+03
5.791189008218054823e+02
3.950829180635190369e+03
5.843094275219193150e+03
7.336508661613414006e+03
4.508579144804935822e+03
5.321063999376410720e+03
1.030160957149150818e+03
9.341506083827633120e+03
6.330718622935610256e+03
7.987416772452408622e+03
2.783925484045446410e+03
2.144383758121412939e+03
5.938120685645266349e+03
2.182577011698866045e+03
2.501301815241610257e+03
1.051291255248630932e+03
9.758324911419251748e+02
6.290704797849393799e+03
2.301113720718262812e+03
5.281024824403152707e+03
2.569473336311395087e+03
7.126966351359301370e+03
7.258037656705640984e+03
7.224909293001591323e+03
6.568879168597022726e+03
7.992697666994311021e+02
5.866499637487561813e+03
2.642507505381552164e+03
2.117413493166838634e+03
6.837227746256996397e+03
6.976186955518505783e+03
9.658964949164077552e+03
1.181214746337782117e+03
7.265398698483711087e+03
4.429302799901467552e+03
5.389886467554313640e+03
4.003866879612810862e+03
6.983562448786990899e+03
3.719728215673327213e+03
7.725839530472626393e+03
2.061695289718570166e+03
4.930308504173463916e+03
8.656812113400519593e+03
9.727012025737150907e+03
9.609928682347059294e+03
6.113215250968400142e+03
1.982508352955915598e+03
4.183635227815319922e+03
6.790193542134780728e+03
4.698830916773966237e+03
8.408196442077991151e+02
7.216782360090773182e+03
1.475575744198087932e+03
4.797008292791274471e+03
7.100668550453597163e+03
7.229416727114771675e+03
1.701773318329652966e+03
4.009560546332010631e+02
6.268795038995619507e+03
3.427820419635009330e+03
6.415383938646289607e+03
2.488510902906071351e+03
7.616209264556248854e+03
8.037188209587820893e+03
2.606473775785180351e+03
3.553999180131229878e+03
8.748649319550759174e+03
9.427006662975352810e+03
7.128793758195609371e+03
6.477902294426011395e+03
3.365687376424842569e+03
1.745210704943394830e+03
6.473316034249405675e+03
8.631882951807212521e+03
6.971517386748324725e+02
2.845070135005657448e+03
7.781715205229370440e+03
2.795073637439933918e+03
7.687167704658276307e+03
1.887945332173163024e+03
6.311435401701540286e+03
5.561521275871284161e+03
4.265821160143931593e+03
2.887005616458618988e+03
6.805636097130055532e+03
2.836161973018901335e+03
8.048925837837436120e+03
8.985257859344707754e+01
8.429835170945143545e+03
8.317898488942031690e+03
3.213219504149798922e+03
9.019553628627176295e+03
6.250554028082123295e+03
5.559454042642433933e+02
9.572763943977660119e+02
7.480969760960450003e+03
4.050510517477089707e+03
9.195715397588919586e+03
6.575683099646111259e+03
4.267370989846003795e+03
4.843559074369769405e+03
2.506185445622011230e+03
1.599969991706575684e+03
5.214090247530750275e+03
9.697905559882939997e+03
6.191086923192933682e+03
6.228201123495384309e+03
3.718708356003982317e+03
4.751173578160051875e+03
2.869751195801643917e+03
3.019098117883806026e+03
4.384385483913158055e+02
3.984927396466669052e+03
5.614654183163164817e+03
6.084387739936082653e+03
5.377108738830930861e+02
4.035220893577098195e+03
9.187348989468149739e+03
6.418617448591071479e+03
3.211355652224882306e+03
4.120264310675503111e+03
7.023204883237829563e+03
4.621846253510440874e+03
4.933506166768469257e+02
6.089794850908640910e+03
6.259374379739723736e+03
8.484217736770320698e+03
8.054311872851833868e+03
7.841122195891200136e+03
5.735144755180907850e+03
2.197011221575022830e+02
7.629728956122023192e+03
8.350771128462238266e+03
9.345754728379875814e+03
2.807662793281249378e+02
5.605866165225036639e+03
3.935776992056851668e+03
5.274474743510192638e+03
3.714181775833412757e+03
4.062953500578482249e+02
3.437556910344460448e+03
5.910978162294661161e+03
2.922561912016815768e+03
7.487372083446492070e+03
7.037515681672101891e+03
8.519259206605651343e+03
7.494686675036999986e+03
6.883332470652114353e+03
6.672878515263035297e+03
9.571276321360684960e+03
3.239822821091005608e+03
1.888721796084253810e+03
8.170841750669296744e+03
7.862203783523556922e+03
5.897962012719912309e+03
5.665265208066619380e+03
2.775108426980277272e+03
4.136996696958242865e+03
3.883589222845456334e+03
6.073643451310677847e+03
5.036898164632805788e+02
9.388615982683437323e+03
9.424510992422516210e+03
7.984476544309026394e+03
4.430033886957342474e+03
4.767423871104625505e+03
2.090813661982176200e+03
9.064243913696411710e+02
9.449818961480279540e+03
5.674365863779107713e+03
9.266164592771801836e+03
1.189904841340203120e+03
5.310511349648495525e+03
7.633775474402927102e+03
1.379955863156585792e+03
5.156704667702861116e+03
5.618990439274945857e+03
3.552927213040505649e+03
9.790357898738526274e+03
5.376560883623353220e+03
1.285392449717793170e+03
9.835788398885777497e+03
5.172356388669677472e+03
1.478655481464385502e+03
2.461454421482909765e+03
6.602582253440725708e+02
4.170971334689297692e+03
1.220215826718250582e+03
1.625495130546696373e+03
9.976192028800011030e+03
4.308449336234200928e+03
5.747530595455935327e+03
7.789767938558327842e+03
6.855252624733318044e+03
5.035160002997588890e+03
5.595335713737555125e+03
4.753624284547292518e+03
9.522345179463371096e+03
1.706691672694439887e+01
7.693008683832095812e+03
8.451852760635811137e+03
2.450835220843230672e+03
3.322295869385550304e+03
2.336661044138250418e+03
6.432016363102226023e+03
6.378327027659549458e+03
9.574536100273022612e+02
1.543014835591231417e+02
5.375434267608310392e+02
8.836607105122926441e+03
5.710292750933249408e+03
8.615392788111761547e+03
8.874920385945080852e+03
1.484893819739157379e+03
8.433814704223515946e+03
7.716468782226852454e+03
3.515726182596467879e+03
7.626572083631787791e+03
7.090510357520149228e+03
1.741199460964963919e+01
6.980749801129281877e+03
3.142298941208176075e+03
2.470025524757514177e+03
6.538942979771904902e+03
2.129350360142091631e+03
7.055140142618539357e+03
1.534819481984971844e+03
7.745545277391788659e+03
2.171454791893290349e+03
8.580721096576919081e+03
5.751429186439071600e+03
7.342023240474692102e+03
1.924465617863989166e+02
8.999408825194675956e+03
7.970035363368420803e+03
2.504952870837715636e+03
4.659755342070696315e+03
4.000167382625107621e+03
6.213010241084768495e+03
2.723505583145342371e+03
6.121732149811167801e+03
1.169740025028246237e+03
9.089977428517596536e+02
4.424409199561160335e+02
1.682839994027291141e+03
3.794823379546714477e+03
7.578408884886095620e+03
6.699382115960401279e+03
5.139523199050510812e+03
8.786175853341886977e+03
9.650721890861099382e+03
5.740069442579269889e+02
7.813430995156559220e+03
1.168136273677889221e+03
2.700178564760263271e+03
7.213515174201270383e+03
4.345994618503375023e+03
2.179689059768468724e+03
1.475500010706304238e+03
1.136728414321886021e+03
5.034605648029083568e+03
5.806980197679760749e+03
9.237917635638394131e+03
1.618371839338978361e+03
9.242270617337755539e+03
7.683276981791502180e+01
6.211264215645419426e+03
1.162638192205539326e+03
2.099767316621364444e+03
2.448381881891804369e+03
2.922188063899209737e+03
7.971112262924461902e+03
1.834631716164575437e+03
6.177189031140019324e+03
5.941686506796959293e+03
6.479303529099172010e+03
1.496544877029823965e+03
7.873543252061214844e+03
9.881874547502507994e+03
8.124138170488027754e+03
8.670673524970938161e+03
7.269335765266946510e+03
6.468667994672003260e+03
1.204222141966158688e+03
8.152728745514186812e+03
4.701399435515772893e+03
6.971630971791872980e+03
3.019490826095415741e+03
7.809054405412332017e+03
9.462852999291621018e+03
6.428466107381430447e+03
3.796598878706146479e+03
6.846126659639980971e+02
5.207202067279270523e+03
9.278753084790660068e+03
6.990072488084219003e+03
8.577063594527337045e+03
2.071344408943376038e+03
5.599238402442800179e+03
8.048483819194170792e+03
3.740902169070737273e+03
5.606359224081635148e+03
1.539446305909792272e+03
7.824598853954976221e+02
3.063063802065898926e+03
3.417856170357299561e+03
8.866773838098115448e+02
7.226463406904175827e+03
2.411756076669677441e+03
8.680378003712974532e+03
6.915957695034780954e+03
7.039437209160524617e+03
1.104800570273407175e+03
5.627594006254909800e+03
6.819011966969170317e+03
5.274634497038929112e+03
3.480674018892424328e+02
9.860277753008598665e+03
7.507701352033341209e+03
5.902189549759212241e+03
5.930787680178310438e+03
5.888543407544938418e+03
2.114536004601375225e+03
4.189314988313110916e+03
5.475479534271533339e+03
2.295392062527662347e+03
1.463522983079060168e+03
7.343661292063196015e+03
6.985415938456169897e+03
2.808608061224559151e+03
2.960634962744989934e+03
8.116498733079775775e+03
6.956270888732254207e+03
9.663347693066774809e+03
5.648081988075079607e+03
7.032139883413561620e+03
8.627495459850411862e+03
7.579419730969923876e+03
8.535973954079208852e+03
3.483661653846932040e+03
2.927815509217166891e+03
5.301893002884845373e+03
1.371722597987799190e+03
4.654458383945397145e+03
6.269875907748915779e+03
2.541132718505067714e+03
8.264698323090451595e+02
1.172674071864927328e+03
2.088563105931837526e+03
5.883505061334950369e+03
9.410259882096926958e+03
7.876732186071815704e+03
4.403609354101268764e+03
8.698753699772147229e+03
4.135987059061325454e+03
4.497581593653400887e+03
7.072925396026470480e+03
3.207029511782974168e+03
5.368545558329175947e+03
6.456675425917484972e+03
2.968621406189493882e+03
4.700663568997537141e+02
5.520828931596744042e+03
4.825731435305890045e+03
7.066329509405634781e+03
2.944946739050939414e+03
2.773923578395360892e+02
1.594083665916819200e+03
8.909264323006020277e+03
7.135482227414911904e+03
8.907743406616795255e+03
5.922612330134882541e+03
5.259214280260021042e+03
9.630142191402903336e+03
6.134303282930810383e+03
1.360265918118255286e+03
3.535633894578120817e+03
7.334511276415463726e+03
7.186617743392822376e+03
6.473952070041872503e+03
9.992874668428954465e+03
3.056355211616977158e+03
7.075593606763680327e+03
9.030419082277741836e+03
3.898103956163741714e+03
8.010224422360663993e+03
7.684125472711754810e+03
7.731973934797323636e+03
3.350673104913149473e+03
1.674922610266473612e+03
3.199206018648550980e+03
9.459518934517869639e+03
5.431475823498985847e+03
2.247565584285916884e+03
2.752036400025922376e+03
3.559835906822426750e+03
4.277808652895525483e+03
4.466769278814746031e+03
6.156329917859963643e+03
7.421371911593259938e+02
8.372558587157776856e+03
9.338363821854953130e+03
9.511839887022108087e+03
3.016361068760571925e+03
3.054356376359077785e+03
1.270053690176115651e+03
4.261775212859331987e+03
9.117837617430563114e+03
9.422745940781933314e+03
2.927539122838480580e+03
9.982750305826310068e+03
9.693645859597665549e+03
1.266286765117267578e+03
6.309190872265928192e+03
2.960144779399056461e+03
6.463215555470855179e+03
6.801087966083944593e+03
3.558752418571100861e+03
2.680151518354382915e+03
7.570488349309522164e+03
7.432630851468663423e+03
2.989375447610454103e+03
4.102110506306642492e+03
8.451248400046013558e+03
6.616215070411641364e+02
2.919494015472891533e+03
9.147325378273675597e+03
8.134798712190533479e+03
9.174850984202279506e+03
6.973570721631702327e+03
2.570881852898962279e+03
8.883469486857766242e+03
9.852540545923400714e+03
9.803825370915748863e+03
6.135428111688839635e+03
9.952164292500036026e+03
2.549961353070193582e+03
4.802523715928447928e+03
5.883479601488483240e+03
1.034278818331749562e+03
3.868201626588528143e+03
7.113976079273857977e+03
2.282257087454870998e+03
5.355368102389963497e+03
3.025530164929260536e+03
8.002643933484049739e+03
6.807868597076544681e+00
1.331375117376803246e+03
8.921264588647045457e+03
4.078508889374361843e+03
4.208613120068560420e+03
4.365605092676802087e+03
4.810553149044009729e+02
5.586362381120804457e+03
4.437131956219821404e+03
6.689906416542547049e+03
1.451512143560201821e+03
2.025898827375536484e+03
6.232937692977035113e+03
2.610843687830432827e+03
4.331500513179363224e+03
5.675947473346042898e+03
8.803181058752665194e+03
9.305371546629163277e+03
6.939090217000665689e+03
8.487584611081219919e+03
1.770865726437327339e+03
7.070561708444888609e+03
6.613951324740020027e+03
8.038611766283892166e+02
6.291330235719938173e+03
6.119555930290848664e+03
9.137422303872941484e+03
1.460249555709304786e+03
7.428009948508777427e+01
3.207096848402858541e+03
7.373617418096411711e+03
8.538378271267392847e+03
8.800845725729779588e+03
2.911233268487694204e+03
2.539666205377604911e+03
9.539075541852900642e+03
6.888664085962763238e+03
8.416800229838632731e+03
6.459719743824095531e+03
9.935228184768177471e+02
5.417713388897038385e+03
5.632583741022829145e+02
7.756463244280797880e+03
5.529917956346791470e+03
1.563787462956239551e+03
7.936966805651418326e+03
4.003850538179453906e+03
9.903408979057347096e+03
3.320597059461142635e+03
9.832738888479929301e+03
5.743557578239375289e+03
6.088211395534274743e+03
5.449706372028511396e+03
3.749649289992110880e+03
3.620772020538444167e+02
5.299988141198872654e+03
2.196945663689233243e+03
7.944016945421410128e+03
6.647743681152212048e+03
3.756831221124816693e+03
8.057338241190544068e+03
1.536683110395621497e+03
5.423602257751290381e+03
5.127689606967967848e+03
2.178394837936489239e+03
9.095792607070652593e+03
1.523922180133542724e+03
2.299887395013120681e+02
1.843534810075679616e+03
8.438666295978371636e+03
6.177089718886388255e+03
2.101011032457668534e+03
1.834061486911637530e+03
8.986541031991264390e+02
3.102914915753456171e+03
3.919444708900950445e+03
1.294627242448609877e+03
6.911997270878396193e+03
9.346159265393296664e+03
7.700287410798652672e+03
9.490602963642615578e+03
5.516295033269614578e+03
3.955897399343117513e+02
6.707319246205331638e+02
6.760343434166563384e+03
4.710923813319825058e+03
5.252586502056721656e+03
1.485229380839369924e+03
5.082665276544216795e+03
6.788065963430332886e+03
1.340904177126476043e+03
9.846654622077101067e+02
3.634811569773448809e+03
5.127009784370675334e+03
2.012866288438950960e+03
1.568283035418370446e+03
5.417582241355622500e+03
1.736600691259881842e+03
5.473558020940804454e+03
9.282411630704267736e+03
2.213022052667733078e+03
6.810130125742361088e+03
5.525170462892475371e+03
6.992447026240388368e+02
4.990299065938102103e+03
6.143806660493211893e+03
5.538882354069511166e+03
9.962135157644088395e+03
6.014118512035346612e+03
8.223577687809236522e+03
2.821956958726738321e+03
4.858494038536422522e+03
7.024391454380551295e+03
8.588748220739726094e+03
1.432036397236463699e+03
8.089569881111950053e+03
1.056542084057090278e+03
4.439281067775864358e+03
4.096904147810646464e+03
3.561198078712609004e+03
2.666708311230568142e+03
4.429426019507121055e+03
2.022320164697730888e+03
4.755337198623745280e+03
2.378887427132572157e+03
8.091728460006908790e+03
1.149773270000158846e+03
6.025885037390557954e+03
4.532364137666586430e+02
4.457706505420810572e+03
7.332379040964322030e+02
5.678064379865030787e+03
9.252735994675038455e+03
7.099097075126938762e+03
5.628371566192799037e+03
6.337511829994293294e+03
9.940078660886894795e+03
6.554046392525046940e+02
2.850060047974228837e+03
9.657183013477981149e+03
3.619249269478223596e+03
3.083849998312310163e+03
2.718644399574221097e+03
4.161121406427019792e+03
2.308158543666195783e+03
6.350652192256667149e+03
1.052943047729752379e+03
1.118371083285197983e+03
4.267154025257186731e+02
2.690091925515831463e+03
1.877823578640470032e+03
3.226088032920331898e+03
2.268049216225183500e+03
8.816438135854546999e+03
9.238808889900445138e+03
3.693611608986826468e+03
7.620533887811333443e+03
4.665127337589611670e+03
1.095841355206519211e+03
2.815255679988711563e+03
3.997456158701017557e+03
1.580804983133898304e+03
8.820611476394125930e+03
8.312474912349982333e+03
3.342726321218893304e+02
3.859194926504288560e+03
8.607171236571948612e+03
5.653004595770260494e+03
3.099175299221637033e+03
4.800220786125467384e+03
4.359942729285174210e+03
3.795237698317951526e+03
9.868681183274668001e+03
8.013488766953194499e+03
7.221959619031059447e+03
7.662077111845745094e+03
5.360763830645107646e+02
8.258411690234099297e+03
4.822602018146602859e+03
9.489442215242588645e+03
8.897744688201531972e+03
1.699516631107819649e+03
1.119180502218849142e+03
8.414604239642903849e+03
9.431605634802452187e+03
9.756420807846875505e+02
6.740610675249498627e+02
5.971174747926891541e+03
6.786033228488103305e+03
4.453662206223414614e+03
8.884247498355833159e+03
1.168432452443700186e+03
8.206237108267654548e+03
8.273332116441202743e+03
5.174615221925436344e+03
3.962213714937211535e+03
4.476362437275545858e+02
2.348934255321412365e+03
3.330206953413061001e+03
2.866818938502084166e+03
2.681391885538775455e+02
8.262609188714610355e+03
7.985679721678937312e+03
3.665757793253111686e+03
1.215160008606414749e+03
3.221062871235242255e+03
9.776366192661520472e+03
9.743962032919696867e+03
3.534494468245562985e+03
6.920719071230210830e+03
7.232968914811885043e+03
4.201819234749073985e+03
2.938301605789849418e+03
2.680946939566298624e+03
1.599744419663369399e+03
2.596181141390464745e+03
5.368811199234968626e+03
3.225859340516902193e+03
5.811103943134243309e+03
2.832773090601007425e+03
9.535418403725536336e+03
1.985734952155992914e+03
9.990655541790802090e+03
1.709190202557571638e+03
2.118646575754897185e+03
6.653459179389607016e+03
6.337098035853387955e+03
9.978164956640475793e+03
2.148968047465161362e+03
3.852307224726421282e+03
4.644142845812260020e+03
9.392866089633783986e+02
1.682407524454877603e+03
2.642971263881547202e+03
6.338517440007947698e+03
8.164867940648443437e+03
9.266780950873245501e+02
3.070216276563653537e+02
7.667527838586972393e+03
4.191490253816809854e+03
6.192089708536962462e+03
8.617954549683596269e+03
4.674637470442817175e+03
2.012482267084884597e+03
5.584418739435819816e+02
4.756451820263914669e+02
8.065454440334032427e+01
1.907125866724066100e+03
9.489630193077942749e+03
9.010403083794028134e+03
6.200723110355772405e+03
5.767565676686727784e+03
9.160269089514429652e+03
7.227845316562130392e+03
9.609221999298564697e+03
4.242483397662423158e+03
1.295904720662899990e+03
9.169255270434028716e+03
7.018501384759657412e+03
1.124525928485616532e+03
8.138984126483694126e+03
4.901480368179551988e+03
8.101027612724090432e+03
8.357908589992715861e+03
1.027882581777786072e+03
2.049419909168661434e+03
2.218055917692461662e+03
9.336229993903933064e+03
3.218459313413383370e+03
5.799681146546291529e+03
3.978759559452594203e+03
5.838304818761259412e+03
4.828871511604656007e+03
4.597266600269557784e+03
2.398140805593754976e+03
7.525540788008832351e+03
6.638443174294623077e+02
5.174077039066090947e+03
2.574279058733516649e+03
8.253916702364216690e+03
9.913475187263945543e+01
7.344681121516185158e+03
3.491190478028820507e+03
3.279009624071920825e+03
8.762208186065872724e+03
9.556031692336964625e+03
4.739722613393397296e+03
6.632078895170476244e+03
3.704221356311686122e+03
3.082097864485186619e+03
5.976648366919169348e+03
2.414148644368239729e+03
8.424719732518518867e+03
4.441328535888542319e+03
3.166715949816095872e+03
6.925684785733466015e+03
2.690545406512705085e+03
4.913261106140874290e+03
7.344838238712633938e+03
3.137717997632111746e+03
4.772524338135867765e+03
6.584006420907905522e+03
8.828385440276397276e+03
2.534754010875979930e+03
1.721261846112109424e+03
3.212233124755398876e+03
3.847731481705971419e+03
3.163926099408032314e+03
8.913620387863473297e+03
7.392564112654353266e+03
2.878858941621466784e+03
7.171463170048652501e+03
9.226539354627124339e+03
7.289433635720239181e+03
1.443530609045919391e+03
8.121038415943079599e+03
9.855009098788787014e+03
2.914468869277661270e+03
5.198537463584445504e+03
3.683725772873609685e+02
4.582526221584202176e+03
6.105771566760116912e+03
8.362261057009527576e+03
8.460329064832658332e+03
4.969284643436994884e+03
1.912961492636501134e+03
5.408822290230770705e+03
6.120397568961565412e+03
2.767454376977383163e+03
6.701730302363408555e+03
1.949884134773443748e+03
8.750316393127834090e+03
4.748285721650446249e+03
4.209652479249959470e+03
6.882539281504832616e+03
1.657768311625794468e+03
2.392090798642712343e+03
9.492934149319589778e+03
8.236991384890626477e+02
3.035819400685444634e+03
3.404479080854032418e+03
8.503187574244631833e+03
3.625856321089139328e+03
3.268163931342455271e+03
9.445171654200119519e+03
7.123481591247641518e+03
1.368287898798003823e+02
8.879354824754202127e+03
5.506654263713583532e+03
7.101178301296354221e+03
1.084486151638217507e+03
9.941292306476007070e+03
9.278384854986015853e+03
3.812741187787528361e+03
8.396458675841768127e+03
6.231270256947678718e+03
9.037222545710212216e+03
3.994869433431195375e+03
6.087021668658414455e+03
6.826399928983887548e+03
6.548961232577803457e+03
6.368579310504340356e+03
1.880628443264893804e+03
5.954440848656141497e+03
9.920754308429643061e+03
6.410782432775713460e+03
4.988953133151754628e+03
4.155625100814814687e+03
9.443027893755001060e+03
6.478228399066872043e+03
5.075204790274693551e+03
6.079116346753605285e+03
2.826411254014321344e+02
2.422496795291933722e+03
5.455886613979979302e+03
4.584418030655683651e+03
4.766559966527054712e+03
4.116444911959529236e+03
4.426582299287564638e+03
6.274254161589917203e+03
3.855515453125504791e+03
6.697643458979769093e+03
9.458496321218075536e+03
4.190926170918016396e+03
2.682933078154741452e+03
