7.994754170113150394e+03
7.994459772414557847e+03
7.246766301704523130e+02
8.221229957896161068e+03
1.831248349377236480e+02
8.025819823512588300e+03
6.466736260649958240e+03
9.258950590868207655e+03
3.710788670197106057e+03
3.890657089791124235e+03
9.312356212732640870e+02
3.796235125971864363e+03
3.736104729292342654e+03
5.244556762855084344e+03
7.768023370673384420e+01
4.615693511887655404e+03
4.348981932858227992e+03
7.261035605883972494e+03
5.380807511676026479e+03
8.128405116858756628e+03
3.411718100335564031e+03
2.660733173914928102e+03
4.413221347189762128e+03
6.257115231604493601e+03
9.405593424054364732e+03
7.486665698417962631e+03
5.535197068494630912e+02
3.385573762454668667e+03
8.856567970902744491e+03
5.616249667995379241e+03
2.730789364234291952e+03
4.635321477947286439e+02
5.099728407384018851e+02
2.916435687991601299e+03
8.610252577941724667e+03
8.165274231927483015e+03
5.443563968615878821e+02
6.497017639599633185e+03
2.472600376269171647e+03
4.994134091596939470e+03
8.030770702394336240e+02
2.123530451847494078e+03
4.697143577850648398e+03
6.292394978627206001e+03
3.420628744384587208e+03
2.343072005395466135e+02
2.010392804889792160e+03
4.283049794972334894e+03
4.265462129987226035e+03
7.840159014522795587e+03
4.287092745357808781e+02
2.625305066627726774e+03
4.708348390168864171e+03
3.666611889309172511e+03
4.850575984361026940e+02
9.632227049759121655e+03
9.905498150709798210e+03
8.424828667563564522e+03
3.249671234160519816e+03
4.905861492192723745e+03
1.768517071703231295e+03
6.124216736615089758e+03
3.199334227059049226e+03
7.934698487745107741e+03
8.825187146009709977e+03
5.629406040422670230e+03
3.367047856899929457e+02
9.207962053020048188e+03
5.685117562119648937e+03
1.857619460394685120e+03
4.466715465923066404e+03
2.783729103586164456e+03
3.953468860401442271e+03
1.864087778587904950e+03
4.775636285876857983e+02
7.951363123676338546e+03
8.725490197939536301e+03
8.517894631629482319e+03
5.328253277733261712e+03
2.691213773541007868e+03
8.804432222566603741e+03
5.550982418788081304e+03
3.991383561902030578e+03
7.179834332005998476e+03
8.760874455725112057e+03
2.783540846847595731e+03
2.068312236878442491e+03
7.207302215504741980e+03
6.115195630489041832e+03
6.673630957860761555e+03
7.329539197261878144e+03
1.766667208560293602e+03
4.929921766206810389e+03
6.835759801828294258e+03
2.165791186083134562e+03
3.499130426691468529e+03
7.181779146752721317e+03
1.147692301842486131e+03
6.488613402107172078e+03
4.424238643977246284e+03
3.339916488496039619e+03
6.058184583096056485e+03
6.406966904688476461e+03
2.970198863476623956e+03
4.381598943295120989e+03
7.120457572563173017e+03
2.702166020224504791e+03
8.774164635703806198e+03
7.468522292062120869e+03
2.612578518795711261e+03
9.225405455844540484e+03
7.838714992174049257e+03
3.326680407972135981e+03
4.948696614059419517e+03
4.007915586149013052e+03
1.637214316736779892e+03
8.004799333192865561e+03
1.431833679726976243e+03
6.492866242226599752e+03
4.265956575030969361e+03
7.681947125602142705e+02
9.308567188689597970e+03
9.031649938553135144e+03
6.684656696842927886e+03
9.256519158867049555e+03
8.021474491715402110e+03
1.849449870693729281e+03
8.642597694270272768e+03
1.918113408199964852e+03
9.139855829070276741e+03
8.463069514615071967e+03
3.071409187837172340e+03
7.158071576322362489e+03
9.014804107163965455e+03
1.829093661796800234e+03
2.304998917508898160e+01
2.182032080574112115e+03
6.418833137782042286e+03
1.394267025498464591e+03
1.473308605012096677e+03
6.277615497011252046e+03
3.847796443070067653e+03
2.044944054950555710e+03
4.224145634764087845e+03
6.343404732395943029e+03
3.355598455493527865e+01
9.034394466879564789e+03
3.917631392352211606e+03
7.989390009536278740e+03
2.399380510727506135e+03
3.935742098030628767e+03
6.665200562053093563e+03
3.330819333863493284e+03
4.124492015069502486e+03
3.473435839709546599e+03
4.239959099279137263e+03
2.129847115891090652e+03
7.620255092621311633e+03
2.711194386054295592e+03
6.544110839636320634e+03
2.614297130955467765e+03
3.758917172388084964e+02
3.870566297408931405e+03
3.838413616224804173e+03
4.087068683059735577e+03
7.471775124883807621e+03
8.024524908631053222e+03
8.903120379565711119e+03
4.349955071151662196e+03
1.256831319460931127e+03
9.888947904194659714e+03
7.361646749259950411e+03
7.844474878975979664e+03
4.672051435972788909e+02
1.410031749884856254e+03
3.235035847041025590e+03
4.803706251662066279e+03
9.678708586646354888e+03
8.214626258056629013e+03
6.133322671389390734e+02
2.312931979929772979e+02
3.528724023306415802e+03
2.544432240144936713e+03
2.158246598552687828e+03
6.156391095959619634e+03
7.067130690069981938e+03
9.344077981390581044e+03
4.616789180106955428e+03
1.777777261161915703e+03
6.834073502321660271e+03
2.502180332835540923e+02
1.296069406308643011e+03
7.786414877690437606e+03
2.170900769980093628e+03
6.417656299217437663e+03
2.206808076122076272e+03
1.214996185162263146e+03
5.975847298373860212e+03
7.068613854409344640e+03
2.838782150773371086e+03
9.853566201450072185e+03
5.099300383843301461e+03
7.615078924843413915e+03
8.298390028088936106e+02
3.982085643005241877e+02
8.453942083523844531e+02
4.355252267658718665e+03
3.659398819679881854e+03
6.416701266155460871e+03
5.232724594615584465e+03
2.049543460641481261e+02
3.170649398101979386e+03
1.730218640928165087e+03
1.981130928020801093e+03
9.476990458167867473e+03
2.161274442879627259e+03
3.686614112447031403e+03
6.764776616371924320e+03
5.130489025433667848e+03
4.783363513323185543e+03
5.837601347791962326e+03
6.927739043492443670e+03
1.475661659418879935e+03
3.085406004839804609e+03
4.622572142730435189e+03
5.816423174962035318e+02
2.010624047798640390e+01
6.361553819496586584e+03
9.381792388937916257e+03
1.734217275777624764e+03
2.741319311535706220e+03
3.464660994838711304e+03
3.301514926068088585e+02
3.819054012346403397e+03
7.624854446438209379e+03
5.669978144528917255e+03
7.183348280776695901e+03
3.178007744343160539e+02
1.054062856746934131e+03
8.656787543558765492e+02
9.035157496829517186e+03
5.321199222068785275e+03
7.733936703750378911e+03
7.761282763844070587e+02
8.150012271744433292e+02
5.013327450742687688e+03
4.177622940369010394e+03
2.801982418644211975e+03
8.981387445997679606e+03
9.079026806785868757e+03
8.886259734892360029e+02
9.163163314368013744e+03
5.250075345777800067e+02
1.535159279462417544e+03
6.279956916256116529e+03
3.547436115306944430e+03
8.912597309136494005e+03
7.096730220603422822e+03
1.779731255150881708e+01
8.255030134562066451e+03
5.069107675672827327e+02
9.716450227379918942e+03
4.316958007455151346e+03
2.593021022171172262e+03
7.355105838682472495e+03
1.719832477118410225e+03
9.252957813253618951e+03
5.754291134496790619e+03
2.600273866191597790e+03
1.339954035569247480e+03
5.541562905710255109e+03
4.766535207791809626e+03
8.147484963216964388e+03
9.901735531569142040e+03
1.165142518953246736e+03
2.628685427646440075e+03
2.365776617523308232e+03
2.446773327838345438e+02
6.554363947408836793e+03
6.752936513071053014e+03
5.139668112652719174e+03
2.632453302197443008e+03
3.786539785906449652e+03
3.427330019344617540e+03
3.114002543033292568e+03
7.961605914966424280e+03
2.109437065546776921e+03
4.745404372982831774e+03
3.067325944899544083e+03
8.271051704363542740e+03
4.988486381868894568e+03
1.906050795228405150e+03
5.984614039213657634e+03
7.098818320887968184e+03
2.146631565106621110e+03
5.045376499233448158e+03
4.740581115238102029e+03
9.890976329095110486e+03
2.040938403972748574e+03
3.361669911555478393e+03
3.841973456847410489e+03
8.541062398940412095e+03
9.835218321845279206e+03
6.269816305076607023e+03
9.241234214778705791e+03
4.913348754913869016e+03
9.376997130451129124e+03
4.257296349315190128e+03
7.265852335847827817e+03
3.810555371180887050e+03
2.961959840100078054e+03
2.447159882534991084e+03
3.064670173020079346e+03
2.991921883169985449e+03
4.150505625774002510e+03
4.381756850844639303e+03
7.590555301816672909e+03
5.641701939693352870e+03
5.276271625247553857e+03
9.577334465023359371e+03
4.286689041173814985e+03
2.134720876555264567e+03
5.442784110915933525e+03
3.893849740315523832e+03
2.495829617200122357e+03
1.375808325960425918e+03
2.312611869062023743e+03
5.292718173248874336e+03
2.358880893057277717e+03
6.591196247743234380e+03
6.670214156829328545e+01
5.906557827615409224e+03
6.443578773853328130e+03
1.662866325709978355e+03
3.091877851875234228e+03
7.205734667257988804e+03
2.440463200260488520e+03
6.490048199888508861e+03
8.724584408111390076e+03
5.270952324429107648e+03
8.497369035256537245e+03
3.979306675819611883e+02
4.279940906855423236e+03
4.624659219950082843e+03
2.185845136715176523e+03
3.347596989208414016e+03
6.029262697160977950e+03
6.677424802477034063e+03
3.743901036440846383e+03
3.706269183750721822e+03
1.376140250909337510e+03
3.587211991878682511e+03
6.655626495494409028e+03
8.181464412919004644e+03
2.198423056196456855e+03
6.329525103383321948e+03
3.310578803377491681e+02
2.288698652947700339e+03
9.381226927629795682e+03
5.080183543449246827e+03
3.456928101041946775e+03
6.900477175966892901e+03
9.820510755576715383e+03
8.852517745672457750e+03
8.406593362011468344e+03
1.398432651482388792e+03
1.922468280839917043e+03
3.625027928990338751e+03
4.134872416908687228e+03
2.008605598628156031e+03
2.992924516348421548e+03
4.884552726969445189e+02
4.536249035431673292e+03
1.819533902835380104e+03
5.806131919801865479e+03
8.600633105281227472e+03
9.513683498879452600e+03
5.288826498388835716e+03
4.107965477040776932e+03
4.327806836964089598e+03
3.448991351925852996e+03
1.218354454004874924e+03
2.541508105741142572e+03
3.890005688218689102e+03
9.642626247687710929e+03
5.091633831359493342e+03
4.905795196398137819e+02
8.449924947787845667e+03
9.430239785888039478e+03
2.553183499155554728e+03
4.290790399437055669e+01
8.471848698546311880e+02
2.288667391744991733e+02
7.728319106912415918e+03
3.613580051811335579e+03
7.862092025059212574e+03
7.842169340660872876e+03
1.610783556974794010e+03
8.761801512217317622e+02
4.228684899604660359e+02
9.257888710376302697e+03
3.051003661451316020e+03
9.671712933390952458e+03
5.050034729853767203e+03
6.981134080549974897e+03
4.715667706461894340e+03
3.140742173478996392e+03
6.348065952711452155e+03
2.107395025005902426e+03
1.898030068584280571e+03
8.716020225139318427e+03
6.468172676435573521e+03
3.256139266518594013e+03
9.100899405088664935e+03
9.958340619287850132e+03
3.636997187549694445e+03
1.460130464833685835e+02
9.017532401624654085e+03
9.982445787008949992e+03
2.551048519439546453e+03
6.503465251248662753e+03
1.230432494466573417e+03
2.729241580478272681e+03
3.756540086255489314e+03
6.425356167261011251e+03
8.195998689016377057e+02
5.186469660100538022e+03
9.433787666080237614e+03
4.871523013606743007e+03
6.609177027519984222e+03
1.204671055259438617e+03
1.544129528867072167e+03
2.173096093507965179e+03
4.031653978557198116e+03
4.027571892667509474e+03
2.326337454006184544e+03
7.088169566394948561e+03
7.718270161979199656e+03
2.198827276328722292e+03
5.387719189240417109e+03
4.756249159262207513e+02
9.867847222609796518e+03
4.083661828563721429e+03
4.952364634324880171e+03
8.240703350958205192e+03
1.757764241295187276e+03
7.391885456406917001e+03
7.462579652218597403e+03
5.444258945459098413e+02
7.081496149146441894e+03
5.357304051709039413e+03
8.670637812700584618e+03
3.872671095927265014e+03
1.567253307474439055e+02
9.243167484530064030e+03
9.285938966076169891e+03
2.501205247244734437e+03
5.054019711643339178e+03
8.493241102385751219e+03
6.890626070263298061e+03
9.327729659737922702e+03
5.635815856672194059e+03
1.486344062131940746e+03
6.621716915609416901e+03
4.131730979596888574e+03
8.544695522690335565e+03
6.711356054052964282e+03
3.655851736724672264e+03
5.483617943278335588e+03
6.383102968028211762e+03
9.177916824881824141e+03
6.043003421121718020e+03
8.549824726838134666e+03
9.436124092082749485e+03
6.918508339092515598e+03
1.630908958720044666e+03
4.995690666159687680e+03
1.277321924970116697e+03
3.302893860208630485e+02
8.182213483061092120e+03
9.417420555593211247e+03
8.091723985109571004e+03
8.257360504017817675e+02
4.569559071915843560e+03
1.171498575011959474e+03
7.268213704955499452e+03
1.300609952549776153e+03
3.487062697975674382e+03
7.322718639904123847e+03
3.008413578974637403e+03
3.741563664381873878e+03
9.356659609885158716e+03
2.938501232177971815e+03
1.726632310727913591e+03
2.040906845828769519e+03
9.628630764059713329e+03
1.440851730701752558e+03
9.788703776621607176e+03
9.370768469585676939e+03
1.946954837548310252e+03
3.979007001366725945e+03
1.219141216738645426e+03
6.974102611568418070e+03
6.521087489091806674e+03
5.865283026832194992e+03
2.382525838316531008e+03
2.151489616512835426e+02
4.221592043567273322e+03
2.893563416485812468e+03
2.680293309496772508e+03
9.845616823490814568e+03
7.090064321490140173e+03
4.645362323361170638e+03
9.064961252291876008e+03
8.377248379327076691e+03
3.403219741670264739e+03
1.845093044988786460e+03
3.860883704398409009e+03
4.746385518456359932e+03
3.489589405307022844e+03
6.507366386001147475e+03
7.221650728868859005e+03
6.533452229282715962e+03
2.829388637924267186e+03
6.707303337887800808e+03
1.970426060839234879e+03
3.739242510713516367e+03
8.462339011135847613e+03
1.888947940668109140e+03
8.055931539760476880e+03
3.082619531003460338e+02
1.249385884615515579e+03
7.961782215070888014e+03
5.692419864909277749e+03
2.936746817835973161e+03
4.507506600168159821e+03
3.395359493971097891e+02
1.593858389138595840e+03
8.843384050984452188e+03
8.123667451741594050e+03
5.193495768814434086e+03
3.962257138988044517e+03
4.850911005326926897e+03
6.740018299088839740e+03
7.147774534383182072e+03
3.108794549337409080e+03
5.384970611528530753e+03
5.623801330327379219e+03
8.148068194659103028e+03
6.258807606277677223e+03
5.367346813707704314e+03
7.956118605319275048e+03
3.682777589077124958e+03
2.689925434999488061e+03
4.687818171750917827e+03
3.119563613947736485e+03
3.110972396692590792e+03
2.145867828059670956e+03
5.696618719761637294e+03
9.396661438842451389e+03
2.861735569868545781e+02
8.759125293754157610e+03
3.391043175051798244e+03
4.117600246020780105e+03
9.922625466240313472e+03
9.121552833710258710e+03
4.579472388938289441e+03
6.802688883136710274e+02
9.332160151060901626e+03
1.901791907176255791e+03
1.907969723492805514e+01
2.634152606882202690e+03
8.611835499940625596e+03
7.952874852656939311e+02
9.693900147885793558e+03
5.922786775095787561e+03
2.967594853235862047e+03
5.242469069949956065e+03
6.263561660655680498e+03
1.043077680314287932e+02
4.840784016993641671e+03
8.546837061009915487e+03
2.496131523946643028e+03
4.587715346687418787e+03
6.763896405370401226e+03
2.375790175410255415e+03
4.874289891926116070e+03
5.226930723020926052e+03
8.076575026749039353e+03
9.940849988585236133e+03
8.707511454224422778e+03
8.939545132550643757e+03
3.368456109825219301e+03
3.213958229851678425e+03
1.544680329951722342e+03
2.504540500927203993e+03
6.699016669065709721e+03
7.604095676321136125e+03
4.538626186539123410e+03
9.702768270207835712e+02
5.991585433925291909e+03
6.029161558745688581e+02
5.847106423708578404e+02
3.411420879107810379e+03
4.143481364776861483e+03
7.828652087834552731e+03
5.474116748942569188e+01
2.810789289945811106e+03
1.278393889861473781e+03
9.444467117367908941e+03
6.088972200058871749e+03
1.533673567897584235e+03
1.224442598099985616e+03
6.634533547688356521e+03
6.407363261624251209e+03
7.382579949185594160e+03
7.349835955457512000e+02
7.616545187455752739e+02
2.216459965082641247e+03
6.652871702916158938e+03
2.895811003249548776e+03
7.127888530187560718e+03
6.688804734580816330e+03
1.953166374131370958e+03
2.087388044557903413e+03
3.553867683626386224e+03
6.884116436481602250e+03
3.043582987828185651e+03
7.532859571540191155e+02
5.020232475460599744e+03
6.931004078623274154e+02
7.776705489580598623e+03
5.558984397237442863e+03
7.997373244640802113e+03
2.596613473559601061e+03
5.501059666863211532e+03
2.463170709959581473e+03
7.621851313387286609e+03
3.751478433395334378e+03
7.598365632770444790e+03
9.279020551852421704e+03
1.536829686093706641e+03
1.554771050608698943e+03
3.246525501678936052e+03
3.339883511097298197e+03
7.244735758637068102e+03
6.555691450441609959e+03
7.511242750003360925e+03
6.105671990650217595e+03
1.617252713036324167e+03
8.642657348970546082e+03
9.304947456187919670e+03
2.698780214175272704e+03
5.021796454274591269e+03
4.489602208216831968e+03
1.277095737810356695e+03
4.987516071630033366e+03
4.087037063323936309e+03
8.001112294196174844e+03
4.839949755441037269e+03
6.360224235213393513e+03
2.140305332382959477e+03
1.836725782423427290e+03
3.998058692958963093e+03
2.465651968118796049e+03
8.936302306997948108e+03
5.631305604317865800e+03
3.895953179592969718e+03
8.200458988535649041e+03
6.886781112590598241e+03
3.514854306551277432e+02
9.935773139020480812e+03
1.433300131336688537e+03
6.427326669169543493e+03
5.145454299337239718e+03
9.817514738603629667e+03
4.886987370952454512e+03
2.138630453653011500e+03
9.487570603229039534e+02
3.347490069358444543e+03
7.786388447693171656e+03
8.702149286714096661e+02
4.379420390317405690e+03
2.399290720923112531e+03
9.534592121680967466e+03
7.912798440214854054e+03
6.044179571117650084e+03
9.024248180814023726e+03
7.336848168428161443e+03
7.580269823266831736e+03
5.173623087729160943e+03
5.392030660136319966e+03
3.156125449295006433e+02
1.141302570523518625e+03
2.703321633853745880e+03
6.035779258511789521e+03
4.648372263203467810e+03
3.933077307974520409e+03
7.353702262924312890e+03
5.859951725605673346e+03
3.158413046151572871e+03
9.599159985936066732e+02
4.823915545147960984e+03
3.621485780411796895e+03
4.420010264545245263e+03
6.554395387473281517e+03
3.137022500406007566e+03
4.998151869050102505e+03
6.104461037884254438e+03
3.191085855148104656e+03
3.950825002928056620e+03
7.022502927652631115e+03
5.439318568576673897e+03
5.253838726647775275e+02
5.690062005399673581e+03
2.243184476298822574e+03
1.397106050257305014e+03
8.409125491690687340e+03
1.468581841363272360e+03
2.524514374821709225e+03
4.098034339398248449e+03
1.768569139742676271e+02
5.955326724749779714e+03
1.209915437547309125e+02
8.110210954161962036e+03
5.671788769903041612e+03
1.569178491242594419e+03
1.590223828275004962e+03
8.235624880421510170e+03
8.050836277235185662e+03
7.693290806481965774e+03
9.903004442704153917e+03
1.965221514149783388e+03
5.571446835579446315e+02
1.169940989862136576e+03
2.985681321367203509e+03
7.909792071894084074e+03
2.063632633511849122e+02
4.537631663187299637e+03
3.582814324091518301e+03
6.984366632734152518e+03
5.418715278436643530e+03
7.303755263163584459e+03
4.534357225028089147e+02
5.527461967363633448e+03
7.619914696482649560e+03
3.133974138580134877e+03
3.864981392357110963e+03
4.970140327128015088e+03
2.560275521606616621e+03
5.287583535144467533e+03
7.577262985136727366e+03
1.538869163513302283e+03
6.204056622800743753e+03
9.638413159752761203e+03
2.649480761029835321e+03
2.390555897572075992e+03
1.934586762967553113e+03
7.976569726370526951e+03
7.882575363465042756e+03
7.638690323786345289e+03
7.160610569756088807e+03
1.076367678731435717e+03
3.294119962536941784e+03
4.577896638739058290e+03
7.320293525618694730e+03
6.011552163718455631e+03
7.683226282656671174e+03
1.876468205846547562e+03
7.784212107926166027e+03
6.403867970378543760e+03
8.842199652930554294e+03
9.992329745109627765e+02
9.661247965454234873e+03
2.315268809533847161e+03
7.902644363003643775e+03
8.510030569403425034e+03
3.411964198972109443e+03
8.341333037594102279e+03
3.640963961660502719e+03
6.065212413254014791e+03
8.697625685885384883e+03
8.324782107832483234e+03
7.539575478399702888e+02
3.194972579684532320e+03
6.489848567575051675e+03
3.763439999556253042e+03
4.932921202365481804e+03
1.083865156336563132e+03
7.889849819470570765e+03
3.947612511815531434e+03
8.051855887577950853e+03
5.161649028974058638e+03
6.567019448623225799e+03
1.429383994097396226e+03
9.646458755315079543e+03
6.314472912638560047e+03
3.056074007874160543e+03
2.998365112858907196e+03
1.592783425132687853e+03
7.309122014561875403e+03
2.142128197577480478e+03
2.486805833637168689e+03
6.719118363421807771e+02
3.348170118187633761e+03
2.103651916380669263e+03
8.798442882399560403e+03
5.591871719439327535e+03
5.955949364523835357e+03
7.445623154857358713e+03
9.279152559604106500e+03
3.518976597687076719e+03
6.500816764355372470e+03
9.633158686728105749e+03
2.651056858477646983e+03
2.857833340097633027e+03
8.314383590835805080e+03
2.150787738478692518e+03
6.116304720138470657e+03
2.049412214381850390e+03
9.270902033862435928e+03
7.068797300491984970e+03
9.766345256418546342e+03
5.936267445994671107e+03
7.066718014119279360e+03
5.952328572936338787e+03
5.650009734167685565e+03
9.469591242740725647e+03
8.271298162821898586e+03
6.729517845527019517e+02
5.908074890549695738e+03
8.103685489130910355e+03
1.770123117330440436e+03
9.324929136082142577e+03
8.236201746000768253e+03
8.539772994485130766e+03
6.933356941802140682e+03
3.978160405210304162e+01
9.260561805951016140e+03
9.629740837835008278e+03
5.888279557896154074e+03
9.009049853771206472e+03
6.512287325482574488e+03
1.916439347832879776e+03
3.655706446709454212e+03
2.119579216480966352e+03
9.388176083315347569e+03
6.513488362989223788e+03
7.295346020538418998e+03
5.201252372068443947e+03
9.862873134592095084e+03
7.019725297821220920e+03
3.208649019091285936e+03
5.066996586263138852e+03
6.232883554916608773e+03
5.201174543340433956e+03
3.101518061098744511e+03
2.296495726629607361e+03
6.769131491931346318e+03
4.154127071606706522e+03
9.940194901952399960e+03
8.943391280376672512e+03
2.451262534131104076e+03
9.626143919021329793e+02
6.599748956425888764e+02
5.598861587676688032e+03
3.273793667994146290e+03
2.253037128590841803e+03
1.382693109164947145e+03
9.681772778895265219e+03
2.491118418459450822e+03
4.038772967097860601e+03
7.224169123935760126e+02
3.992617648739684228e+03
6.976354316343515165e+03
8.092364581872612689e+03
9.227400658025479061e+03
4.093225410660721082e+03
9.340575241848744554e+03
9.159435467114777566e+03
7.321102023067346636e+02
3.951738752972563816e+03
5.746907070424184667e+02
2.915494513336352043e+02
7.582103312318157805e+03
5.415788003526883585e+03
1.903477330566204046e+03
2.518395214907038735e+03
4.147426039072857748e+03
9.613704401062410398e+03
3.256611218659054884e+03
9.625941733560934154e+03
3.353327277311860598e+03
1.245358866546261197e+03
9.281360440974736775e+03
7.465887507028231994e+03
8.338294123082347141e+03
1.511835091863579919e+03
5.566192898513480941e+03
4.136936354339909485e+03
7.584139532492516992e+03
4.276536823151997851e+03
9.718511818928680441e+03
5.636684139218187738e+03
4.854269845041959343e+03
7.830567868892359911e+03
8.470794227512895304e+03
7.771321303773443105e+03
2.329816890181398321e+03
2.891125122573346289e+03
4.426762789140992936e+03
3.023407755085187091e+03
1.076412541493189792e+03
1.832583399446497651e+03
3.802280016264336155e+03
5.734000447243439339e+03
9.940038875215755070e+02
1.784879524588522600e+03
4.458537355218980338e+03
9.600477754829733385e+03
8.173467661321776177e+03
9.442401905332855677e+03
2.744732935174949489e+03
4.320971375754788824e+03
1.482773684941122610e+03
4.585188310549914604e+03
5.552939047496698549e+03
7.957423617119818118e+03
9.705897294779088043e+03
4.520540740340656157e+03
8.992161908985961418e+03
4.021999121735750577e+03
3.437913996516859697e+03
9.468517295107492828e+03
1.899040170939128984e+03
1.062110443414546580e+03
7.685790054540922029e+03
2.094144537763855169e+03
8.198125012903046809e+03
2.964211722386172369e+03
1.748961471996995215e+03
5.516960154154118754e+03
2.408798185988298712e+02
4.188318648934537123e+03
2.694602790208457009e+03
5.366780209000998184e+03
8.936683893679979519e+03
8.515447052066490414e+02
7.162267399434263098e+03
9.504600174967938742e+00
2.021133040568262231e+03
1.667091669076056633e+03
6.404765451601073437e+03
8.692528162148666524e+03
1.675373311721436266e+03
8.849272195073797775e+03
2.287658459644735103e+03
4.812120474708919573e+03
6.930953057364825327e+03
2.927526125087921628e+03
4.806605750927758891e+03
4.403326184549046047e+03
8.281245687034761431e+03
1.097702641602016229e+03
4.872103547347617678e+03
4.122808301769870923e+03
4.603822319922935094e+03
1.385241578709104488e+03
7.769736023280701374e+03
9.433686115208922274e+03
2.659480408339816222e+03
4.452571745817479041e+02
6.164714502123547391e+02
8.884272476450878457e+03
6.384227961770877300e+03
2.482409559575722596e+03
2.048647053848391806e+03
9.286876509777435786e+03
9.993193163904794346e+03
7.252161043976439942e+03
2.704907888714384171e+03
8.685517978670888624e+03
5.467964671184896361e+03
3.286005698624009710e+03
1.430347636844780936e+03
5.465204879678355610e+03
9.665349102307232897e+03
8.071401984557880951e+02
1.077181920185165154e+03
4.387722321598557755e+02
3.913652880514599929e+03
6.336773767400537508e+03
4.256243208074844006e+03
9.879239050477530327e+03
9.644236462815155392e+03
9.928162520363055592e+03
8.014860133141376537e+03
4.276337884144752934e+03
4.403867687552536154e+03
7.671430229694065019e+03
7.867820887587915877e+02
7.196848038695777177e+03
6.844349830812199798e+03
8.505863924258866973e+03
6.552131298903186689e+03
9.044738174735362918e+03
6.322055424246230359e+03
2.948342108699842811e+03
8.895866438213868605e+03
4.864669411641221814e+03
9.294219119331505681e+02
2.699780265509751644e+03
9.586477312234725105e+03
9.835441452140950787e+03
2.112645885476265448e+03
6.437614086818818578e+03
9.216765434398990692e+03
9.978048095651689437e+03
5.540491206153288658e+03
4.050163782235777944e+03
1.352040634414527176e+03
6.263089654979962688e+03
5.294224618886529470e+02
3.767859862975553824e+03
