5.229720927030466555e+03
6.884454219680908864e+03
5.136041885939240501e+02
8.353717524662964934e+03
9.078457353130372212e+03
5.324648732389983707e+03
4.315413917466367820e+03
5.143799588004942962e+03
2.761095705822186119e+03
2.863057699362013409e+03
2.338409234786680884e+02
8.197601246582213207e+03
6.540642569423201167e+03
8.173233983329061630e+03
4.864649988851579110e+02
6.490160441534923848e+03
7.403818187219786523e+03
9.698264607616192734e+03
9.104222221049511063e+03
4.385497650699268888e+03
9.544781031321135742e+03
1.683726705856340232e+03
9.770950691386473409e+03
6.979126983792336432e+03
1.209877918509839674e+03
7.843258018079508474e+03
6.692444828591584155e+03
2.995858075268662105e+03
2.211429642650683491e+03
4.256955346142214694e+03
5.994690626459469968e+03
1.495465331796519422e+03
9.168495555270885234e+03
4.181968175554713525e+03
9.095727567565486424e+02
3.303264711301155330e+03
4.480853085881070911e+03
1.913202288524310916e+03
6.760631926393481081e+03
5.782023500555524151e+03
4.228565490429569763e+03
1.211732145296694171e+03
4.214262766947771524e+03
4.085754310362020533e+03
9.003327952664235454e+02
1.332149559224412315e+03
2.286658649005183179e+03
2.046192519020143664e+03
4.292952231684886101e+03
8.711487501648176476e+03
9.304455194167878290e+03
2.276895766112126239e+03
9.340090361102644238e+03
9.379157500912146133e+03
8.846857202342278470e+03
1.087014907532701272e+03
8.776721680177104645e+03
2.376959656913757954e+03
2.295206980604884393e+03
8.295789911035906698e+03
5.613408038005896969e+02
4.814310736434340470e+03
1.569985977695508836e+03
8.065288058908221501e+03
2.302138430618982511e+03
5.317362844143326583e+03
5.365180485105784101e+03
9.795282054695584520e+03
1.773302057106263163e+01
1.713955711786762777e+03
1.298956770641250387e+03
7.289651230208878587e+03
2.299873121355054991e+03
9.532506429845001549e+03
8.995544677225205305e+03
2.241818237232113916e+03
3.324717408017414073e+03
8.939715655972326203e+03
1.627966124005897427e+03
2.434836996460354385e+03
9.775514377866315044e+03
7.393674638339439298e+03
1.217785173536318780e+03
2.293493846466402374e+03
5.130379332009516474e+03
7.058417508533189903e+03
8.023429934210418651e+03
2.715873264317808662e+03
1.106504802965483805e+03
9.607253814695082838e+03
6.256912614391401803e+03
1.067395538490478657e+03
7.235879498802582020e+03
8.901858861342856471e+03
6.572656956594843905e+03
1.254775249711984543e+03
7.216045423550884152e+03
7.782419256378762640e+00
2.023816131281911794e+03
8.188009996462142226e+03
7.574537738087957223e+03
1.533179742555977782e+03
9.284968153115501991e+03
3.952642828034006925e+03
1.267341254983804610e+01
9.145191867381638076e+03
3.903102666847902128e+03
9.850354836922488175e+03
8.611092962847214949e+03
9.114406980924761228e+03
8.795575891593658525e+03
5.281241966060172672e+03
6.916648796207459782e+03
1.517060646205944977e+03
4.533851455851156061e+03
4.783050131084165514e+03
5.594708952132124068e+03
6.878121686559343289e+03
7.660872477268102557e+03
3.990102106190063751e+03
9.072345021130483929e+02
1.276066822995861912e+03
7.284435550760409569e+03
8.807967031090236560e+03
6.526436109212388146e+03
9.120980387710689683e+03
3.633536254373808561e+02
8.384905009713367690e+03
7.073055316247115115e+03
8.311622025892085730e+03
3.868184371711302902e+03
1.525157242411525203e+03
3.629855127306960640e+03
2.503432784876591995e+03
9.589430035108847733e+03
2.980883608477706275e+03
6.469460350878842291e+03
8.258880801601007988e+03
5.726257832261206204e+03
4.078148921004888507e+03
5.835770079069103303e+03
5.010480051904289212e+03
2.890862101855052515e+03
7.724596159916221040e+03
5.464952588709507836e+03
1.821444000903667984e+03
4.380249956684560857e+03
5.538794915666156157e+03
5.528928358380643658e+03
6.394390985776309208e+03
8.061559562450132034e+03
9.491525369287091962e+03
9.508509375496439588e+02
3.324887697250698579e+02
4.131155129587176589e+02
5.742186205774291011e+03
1.160067965354594890e+03
1.011823181001186356e+02
1.156153693290418005e+03
7.466342280095006572e+03
2.728572755594782848e+03
5.192393114036710358e+03
2.003886156025822856e+03
8.939410456921634250e+03
9.623271679997273168e+03
5.156762631131703529e+03
5.946516108194123262e+03
6.348160966205654404e+03
3.622225348211376513e+03
3.940683524923210371e+03
3.667953162297834297e+03
6.511822637200937606e+03
8.106858780199230750e+03
4.564361803605962450e+03
8.509380919744198764e+02
4.638837936793509471e+03
6.388862035212990804e+02
4.124312643589717482e+03
1.211305437552478224e+03
5.093542437312645234e+03
6.215249585724787721e+03
7.133600478622631272e+03
2.176720433961287654e+03
6.489742298799388664e+03
7.848011167529360137e+03
1.459229990393075468e+03
2.757366785265183807e+03
1.957964375052265723e+03
9.083387892389140461e+02
3.372574053237681710e+03
9.744414213854661284e+03
6.339052768611823012e+03
6.688192966589176649e+03
2.796746804063989657e+03
9.977336545507578194e+03
3.465239954469586337e+03
6.874347246912914670e+03
7.481357506468833890e+03
2.756557418779066211e+03
1.834051849775816834e+01
4.456170068127313471e+02
3.934629503659080456e+03
6.730807671274836139e+03
9.887728808063804536e+03
3.293776314476458538e+03
6.269202475548491748e+03
7.204550033107327181e+03
4.451061647247549445e+03
7.300102545830796771e+03
5.456279767278136887e+02
7.633662067399895022e+03
8.721262303428809901e+03
2.971971473056427385e+03
1.089826645146367582e+03
6.065959765619360041e+03
2.757253353811633588e+03
9.724949470039005973e+03
4.857811211193794406e+03
9.289085098437641136e+03
5.498103423015619455e+02
1.620800648187034085e+03
7.851813360262965034e+03
1.832986276593963112e+03
8.197526846435266634e+03
5.566007466673398994e+03
8.218006395003210855e+03
1.087788614979076556e+03
5.644934022075713074e+03
4.597096455953760596e+03
9.790081454961557483e+02
1.834462788694610254e+03
1.303894569137622511e+03
8.683411786036518606e+03
6.530745703140488558e+02
6.218984004113405717e+03
8.496067924111999673e+03
6.377162591641261997e+02
8.315657755777676357e+03
8.644868771367715681e+02
1.868058504093107558e+03
8.488330373726554171e+03
7.102055501354904663e+03
5.791625055443504607e+03
9.263887347036350548e+03
5.230039353846874292e+03
3.270473045959292449e+03
6.914674066870191382e+03
9.379623559036945153e+03
2.351395210904852775e+03
7.736492551227410331e+03
2.660617143817465148e+03
3.121899202929498188e+03
6.388336887248466155e+03
8.573662732366984756e+02
9.464959699424465725e+03
3.081731375135684175e+03
1.880055532696555360e+02
5.365388794713567222e+03
2.657256925233091806e+03
5.620767217858167896e+03
8.431750301546879200e+03
9.432158519553033329e+03
4.157691091337549551e+03
4.446730361613500463e+03
7.967629921830085550e+03
2.573811760430542108e+03
5.811095024365187783e+03
2.743721112027521485e+03
8.856761098257085905e+03
5.607624138789368772e+03
9.299731081655398157e+03
1.919518370314438698e+03
3.885916972662363605e+03
2.413438702919473144e+03
7.328305840960522801e+03
6.923644826082871077e+03
1.364089591335060959e+03
9.761163720626953364e+03
6.387930252361735256e+03
4.284278389788009008e+03
1.086083290747429146e+03
8.463888187119242502e+03
2.853143113312316473e+03
8.942146442085146191e+03
4.385856555092816052e+03
3.773741464283358255e+03
7.082188518223350002e+03
8.875546262471543741e+03
5.570840518423269714e+03
1.663692664604063339e+03
2.764360321908100559e+03
2.329389670760606350e+03
1.897332956481749306e+03
3.897665579144904768e+03
3.432946026094826721e+03
4.557049410784223937e+02
2.055100809599864078e+03
4.215955925140649924e+03
5.141884016031275678e+03
6.861915931092999017e+03
4.507304428440715128e+03
9.623794196671082318e+03
4.649587640846866066e+02
7.472876599597939276e+03
9.613266683654404915e+03
8.955673026149237558e+03
2.649682587325689383e+03
1.153488543537700025e+03
7.580032035254499533e+03
3.262235340208293110e+03
9.726326683571893227e+03
6.945669097925215283e+03
5.087106679743406858e+03
4.645652708007472938e+03
1.653224370447383762e+03
1.779414882027582792e+02
2.403979108694958995e+03
7.034044543867832544e+03
9.255492891749277987e+03
2.380300320675083640e+03
4.863533192541956851e+03
9.312219753687089906e+03
8.201899405145957644e+03
2.011661638501876226e+01
8.094770363242914755e+03
3.369564982688831151e+03
5.045657429762635729e+03
3.421881527747968903e+03
4.482104188245712066e+03
3.810975305486755133e+03
6.018282493660245564e+03
8.655537534894128839e+03
2.039381374410119861e+03
1.408438682998852300e+03
8.135068864357086795e+02
7.118820876869749554e+03
8.321613687443338847e+01
9.258808482294212808e+03
8.349879980009553037e+03
3.407335328982665033e+03
9.205520232264214428e+03
6.328481244526062255e+03
5.054177585657761256e+02
4.469297730691166180e+03
3.297790116895229744e+02
4.271982041981110342e+03
8.336853893690265977e+03
2.243826306858852604e+03
2.290364527207321771e+03
6.722515636403152712e+03
4.156093930769550752e+03
6.389123859064454336e+03
8.588302301247185824e+03
2.228075936989228921e+03
4.907788789652107880e+03
1.438379028872989522e+02
3.486391750458632032e+03
4.484784935761852466e+03
8.944165266121524837e+03
9.680162460676358023e+03
3.719653859434277365e+03
5.012267509132971099e+03
4.859871456364135156e+03
9.784611750841004323e+03
2.866612205843740071e+02
4.587129253107323166e+03
6.695718424349184716e+03
5.871540688401973966e+03
9.655718590335452973e+03
7.649700150317464249e+03
8.633287634318581695e+03
9.716047406437290192e+03
9.161382163270589444e+03
3.724344169715623593e+03
5.279608940883427749e+03
1.831442041978638599e+03
8.352475293029492605e+03
1.055356925344477759e+03
1.420089094881797109e+03
5.178523653168258534e+02
6.830801123084971550e+03
5.053922538246210934e+02
7.033360885404423243e+03
5.461869782956400741e+03
4.576743600103487552e+03
5.390357802156973776e+03
7.237002463811133566e+03
9.154824803381874290e+02
2.624634906289030027e+02
9.956427484507777990e+03
7.235201691591513736e+03
1.127235919120976405e+03
3.604509245826032839e+03
3.672442666395787910e+03
5.372581685726738215e+03
1.696258051564653442e+03
2.437550637493935483e+03
4.901333050231760353e+03
4.507256602077640309e+03
8.273210277048907528e+02
6.320006019088605171e+03
4.035528940117804950e+02
4.915893610822937262e+03
6.833066224502703335e+03
9.687328921428499598e+03
1.806250981033630978e+03
8.135643414517181554e+03
7.665413325479653395e+03
5.738075059515575958e+03
7.125752194118456373e+02
2.562985667988688874e+03
7.757278208461015311e+03
6.257786456009045651e+03
1.066892783852337516e+03
9.601987444312399020e+03
6.947939638382407793e+03
1.888493838895522458e+03
5.626483121593432770e+03
2.176475828886711042e+03
4.796767862840328235e+03
4.706750458883352621e+03
4.169540660296055648e+03
8.824978144417464136e+03
3.238583236484142617e+03
7.404165824976087606e+03
8.690415325791685973e+03
7.942309459419271661e+03
9.102635480913946594e+03
4.855442648606083822e+03
1.607367343192004228e+03
5.252937618742692393e+03
6.931157826907197887e+03
1.096089465294500542e+03
5.078717045822027103e+03
4.283988458101353899e+03
8.572805667240842013e+03
1.180400848743450069e+03
9.999730624853522386e+03
4.236423597231002532e+03
8.574288734508132620e+03
1.549384446564009750e+02
1.278865191503264441e+03
2.741924481533701055e+03
7.597265646014226149e+03
4.915981275474382528e+03
9.854502541217458202e+03
5.232971481003150984e+03
7.316716362094893157e+03
5.473485728151184048e+03
9.959235902263826574e+03
4.708703977139936796e+03
9.897936113204499634e+03
2.287299473981765459e+03
1.750360144441243165e+03
4.886370848312689645e+02
4.602223727978528586e+03
5.762662191962647739e+03
5.605174718960957762e+03
5.184758230951551923e+03
9.842787077677887282e+03
6.359999796370523654e+03
5.814744221085879872e+02
4.811090616711448092e+03
7.516368750115339026e+03
5.219498761529374860e+03
6.278540673653608337e+02
7.617580636419304028e+03
5.141450401576977129e+03
2.410950635355377926e+03
2.646298116222097292e+02
5.292601300928956334e+03
7.231545875263809648e+03
2.577298537911904532e+03
4.168664027927887219e+03
1.295507094078127921e+03
6.749672752662380844e+03
3.898484125442884306e+03
1.959817174241037492e+03
4.052029655986507805e+03
1.969699552641553737e+03
4.453532250081142934e+02
7.869294631365550231e+03
5.539965411235019928e+03
3.627196242440198148e+03
1.215607899812001961e+03
3.077128882621311732e+03
7.466326667330560667e+03
5.740160759434098509e+03
7.931071228912262086e+03
8.407429872313661690e+03
1.896767538662026936e+03
1.730402894067429770e+03
4.996431989402040017e+03
1.282030660203933166e+03
7.047261517357392222e+03
1.284759551539793165e+03
2.418000911648951842e+03
3.526724599995611243e+03
4.730448221814407589e+03
2.574977428251615038e+03
3.092131679513003292e+03
8.265594240541749969e+03
9.948878910286881364e+03
7.285823488179308697e+03
4.656991996653027854e+03
2.473012659412263474e+03
5.693438230780162485e+03
7.686005188363800698e+03
7.152441576331769284e+03
9.987726809997884629e+03
5.847585352672672343e+03
6.538657527198405539e+00
6.591300881237554677e+03
7.059577740774672748e+03
4.837190977293140350e+03
5.470668460011526804e+03
7.530936454464638700e+03
3.598507427816391555e+03
4.249699539004624057e+03
6.040805306588987150e+03
9.390147804058109614e+03
4.764559425487505905e+03
4.626168599094900742e+02
9.220593341071613395e+03
1.945347647537848843e+03
1.934794981446154054e+02
7.464766754434299401e+03
3.790500344249686805e+03
9.765213931633377797e+03
1.463833801299161451e+03
9.668159795562329236e+03
1.899493475092303242e+03
9.250294248722462726e+03
4.197007332677981140e+03
3.635339263063242015e+03
5.082872847415706929e+03
1.442674358626056346e+03
9.597427771639499042e+03
2.571804707678634713e+03
4.672698812871391056e+03
2.866479058310456367e+03
8.216461464343828993e+03
6.324689250181344505e+03
6.731206186019327106e+03
7.792420552286973361e+03
8.377715383725859283e+03
4.518199947943815459e+03
4.820235309947363930e+03
8.549635516694177568e+03
7.108876443912336981e+03
4.991940814480118433e+02
7.145173225509624899e+03
6.373760836547311555e+03
2.659691642573765876e+03
6.205581008175496208e+03
5.862939940740681777e+03
2.559016182200557523e+03
1.208277031809093813e+02
2.437536900528622937e+03
4.388557311783136356e+03
2.290675448678398880e+03
6.282926781153780212e+03
5.584812953593866951e+03
1.637466714520722007e+03
3.294499210719607731e+02
8.116644695569906617e+03
4.370581429271284833e+03
7.588263428951661808e+03
1.577400883052905328e+03
1.630448336377278110e+03
2.324155022952426862e+03
7.685086039373564745e+03
8.561141966061979474e+03
6.906239175263952347e+03
8.247197724433588519e+03
3.378543748322146030e+02
7.977184496483524526e+03
4.508634070833038095e+03
3.065857109534466417e+03
1.146378859690941454e+03
7.198422602254695448e+03
9.533497007098636459e+03
8.988036671020433914e+02
1.318151919505576188e+03
5.891988646290282304e+03
2.130126388481916365e+03
5.263007929662192510e+03
9.692888555730623921e+03
3.435686208808710944e+03
8.015882474900819943e+03
9.772589136365428203e+03
6.429932262253606496e+03
5.564415988513856973e+03
5.187993196163994980e+03
9.082082551517201864e+03
6.708500324433368405e+03
9.338729015648905261e+03
9.529939716873863290e+03
1.929657436818938095e+03
8.509523154085624128e+02
6.719927698488241731e+03
1.765094696624790686e+03
3.568569703287695575e+03
7.331707785722334847e+03
6.431864752991916248e+03
3.162535832585504522e+03
7.828861405269023635e+03
8.656999723836284829e+03
1.794616631186691620e+03
2.177464091446386647e+03
7.773134927753924785e+03
5.421228502332330208e+03
7.462252900572691942e+03
2.380400666904243280e+03
7.001108627156697366e+03
2.664315960895257263e+02
3.149369422735022454e+03
9.132721633592098442e+03
5.354283833428870821e+03
7.820394550310852537e+03
9.726853065693961753e+02
4.742565722908244652e+02
8.847471950898416253e+03
6.791194869851698002e+01
5.672744442074029394e+03
9.844362676878074126e+03
1.205038780649358841e+03
1.594147825063624396e+03
5.394859055311721932e+02
8.339614287600814350e+03
2.427549344481818480e+03
6.430524346724018869e+03
2.219180468627364462e+02
9.183521183784276218e+03
4.825386945235842177e+03
2.213103005363434477e+03
7.355743418221082720e+03
3.021146453142049495e+02
8.264000278017689197e+03
8.764806810520356521e+03
2.623300148675999026e+03
9.765937470016748193e+03
2.275734776350108859e+03
2.309815912143167679e+03
6.217355394226324279e+03
8.440669755404169337e+03
5.010309194242429840e+03
9.516891532710433239e+03
7.366370292142542894e+03
2.011290427307205391e+03
3.381840875108739510e+03
9.334332548492169735e+03
6.435110240625475853e+03
6.257670298085589820e+03
9.123993985336737751e+03
6.462358621779025270e+03
1.418447796963189376e+03
5.170125037911674553e+03
2.347963323868414136e+03
1.393594518961985614e+03
4.457812836961871653e+03
4.744263365839815378e+03
1.973948490325158900e+03
1.618444904315206259e+03
5.383902923147430556e+03
3.633786939003930911e+03
2.306202412981759053e+01
5.937000495110727570e+03
8.298077703075465251e+03
7.728410443135398964e+03
4.675340747724505491e+03
3.179304259193121652e+03
1.918474295474842393e+03
8.278131729429656843e+03
4.541428062198677935e+02
4.564490668880793237e+03
2.754337379439729830e+03
8.533600864715524949e+03
7.218302699895923070e+03
8.428849704639629635e+03
6.776528353505163068e+03
6.797354434507495171e+03
9.912110055281493260e+03
5.835424154430695125e+03
1.066968863695358323e+03
1.968953973794398962e+03
3.286940876227914032e+03
9.791826991999450911e+03
7.854799496984099278e+03
5.852844029766753920e+03
8.436990791510241252e+03
6.110152331664075064e+03
9.244938438478306125e+03
7.892722317347472199e+03
5.447752869550820833e+03
9.647758108247780910e+03
4.320146298800710611e+03
4.204117319512797621e+03
9.917602922200690955e+03
6.512884028349861183e+03
7.132579716956677657e+03
3.812704845642177133e+03
9.305564017626733175e+02
6.861023656192927774e+03
2.325985844387721954e+03
7.954796274593462613e+02
3.473656355988486666e+03
1.494974155271603195e+03
9.816122863989683538e+03
9.033111747486838794e+03
4.086047002788059217e+03
9.886115423195833500e+03
4.764023459613998966e+03
4.654427112875271632e+03
7.633058919597267504e+02
2.298217868868915957e+03
7.736018927920013994e+03
8.998768079234861943e+03
9.228545513514933191e+03
3.486570063482030491e+03
1.919435119646874739e+02
2.965881205145923559e+03
6.371413911677220312e+03
9.121279705038921747e+03
9.477716933646948746e+03
6.498258107400506560e+03
7.848505358453429608e+02
1.037615447134405258e+03
4.177975380412570303e+03
1.241346904991831707e+03
4.272605316676716939e+03
3.266511123303049317e+03
4.649898046936682476e+03
1.261202508517117849e+03
7.619632361585006947e+03
4.741747776086290855e+02
1.325798736840583160e+03
1.983245461793907452e+03
5.058986431627226011e+03
2.141192182351311203e+03
2.589559982026423768e+03
7.501687217094732659e+03
8.868247445759778202e+03
8.725038325596688082e+03
5.431215261109839957e+03
5.671819026548480906e+03
9.779633535360459064e+03
7.388611586821050878e+03
5.968775618194216804e+03
1.240558863484683116e+03
9.986590561523227734e+03
7.248679832938788422e+03
3.796320232726367522e+03
4.757445736315904469e+03
5.884242025088443597e+02
3.821046220496886690e+03
7.161208172536098573e+03
6.474285081439834357e+03
2.468263437916963994e+03
1.245334587176375408e+03
2.114381283022166372e+03
4.013057111970498227e+03
4.975776157151516372e+02
6.261487624368605793e+03
8.009149421698035439e+03
5.621613364539542090e+03
8.535899703653045435e+03
7.283851094191350967e+03
1.219251463143736601e+03
6.232784922029470181e+03
6.774980816741765921e+03
8.571295938969986310e+03
3.762707012595741617e+03
9.270393403592039249e+03
2.996564650659692688e+03
3.350804324399992765e+03
8.997826117046459331e+03
6.602733150668912458e+03
5.950942845956827796e+02
8.030648770825420797e+03
8.847343190367553689e+03
1.177387827276024609e+03
6.112834308284270264e+03
5.582926876990295568e+03
4.451251783501579666e+03
5.279647301829136268e+03
7.890482763326136592e+03
6.395557086301181698e+03
6.090571048886788958e+03
3.332131876773391468e+03
3.224961761126147849e+03
8.945342531593880267e+03
8.635647656440858555e+03
4.616706979957222757e+03
6.671802757022854166e+03
1.511788871106329680e+03
2.473029433985468131e+03
8.883219492303873267e+03
9.072287322539850720e+03
3.677673089235137468e+03
1.861214876289142012e+03
1.715021302801554384e+03
4.183854780435208340e+03
2.957842828607074352e+03
8.684234124038033542e+02
2.867128235060971292e+03
9.938791471783084489e+03
3.973933123576302933e+03
8.683759760084505615e+03
6.592474082020346486e+02
7.716636137166284243e+03
9.712119973275110169e+03
4.421568015160824871e+03
2.845311367104155579e+03
3.770672088045686905e+03
2.384098266942393366e+03
1.949829751497693223e+03
2.521921591547064509e+03
5.003538081143598902e+03
1.971261328934898529e+03
3.473072489002696784e+03
6.615000264822731879e+03
7.060240870220472686e+01
9.654708339446122409e+03
6.111285569642848714e+03
8.977377989319596963e+03
6.682255633712430608e+03
8.063080654806306484e+03
6.804457592900032523e+02
9.230045176222838563e+03
9.988666178705965649e+03
8.975476869773424369e+02
6.922697440126764377e+03
4.615622093374888664e+02
5.385608469765185873e+03
7.704439858966958127e+03
9.613553207372227916e+03
4.757166310715519103e+03
6.933939172010299217e+02
2.359140086729059931e+03
6.891659857772541727e+03
8.146961394923798252e+03
7.642822275177773008e+02
2.716921560857847908e+03
5.017848887063193615e+03
8.636039334313245490e+03
9.191293121516138172e+02
7.301045074206968820e+03
3.704575098018882073e+01
3.493605288787417521e+03
5.835356093326124210e+03
4.256714166619741263e+03
5.649196243018117457e+03
6.306724650896653657e+03
7.831014780156372581e+03
4.235950028346594991e+03
8.493584015481097595e+03
2.994805234928394839e+03
9.277466898401346043e+03
6.343410510844679266e+03
4.262118450765530724e+03
2.453681312338816042e+03
8.133325122518519947e+02
7.287373859293929854e+03
9.994799420033967181e+03
5.580620150658283819e+03
2.901225005368439270e+03
7.178943125415783470e+03
2.291835199939654558e+03
9.743674451616258011e+03
6.405668274578446471e+03
3.090472204318776676e+03
2.240073416501708380e+03
8.646170443412240274e+03
4.902507118049759811e+03
5.228112887177410812e+03
7.608233945837912415e+02
2.152692022696460299e+03
6.687456548411689255e+03
4.151701730760841201e+03
3.410986295616717712e+02
5.880468998498052315e+03
3.525740037020099862e+03
7.539234832792122916e+02
1.190796222251817653e+03
1.233604314855020903e+03
2.627612434103813030e+03
7.035735242634980750e+03
8.725148586728211740e+03
9.862451704396866035e+02
5.451288320370639667e+03
2.198983563011122442e+03
7.364935735651174582e+03
1.431948799831632641e+03
3.938089402170059657e+03
6.739341814935788534e+03
2.249909893378143352e+03
2.915914125695092480e+03
1.926218522337383774e+03
8.325627697324023757e+03
3.128355272507407790e+03
6.704677878000743476e+03
4.349151519540647314e+03
7.414287674781669921e+03
1.615452882226720021e+03
7.153526960863763634e+03
8.570882885794721005e+03
1.352435166022355133e+03
2.579403034472009040e+03
4.118475370427781854e+03
8.421685050907719415e+03
9.082969051509062410e+03
6.750162417435290990e+03
7.831138093485668833e+03
7.465799197552512851e+03
7.738317718881050496e+03
4.386386133667113427e+03
2.834988588431482640e+03
3.167533732518557827e+03
2.693007882741918820e+03
9.493174127772275824e+03
9.100399187584564061e+03
5.393646192306793637e+03
5.445592311321121997e+03
7.693402424114321548e+03
9.378003889944415278e+03
1.955541327090253162e+03
7.055989969084032055e+03
1.733416160588731600e+03
1.831834138679339503e+03
1.558232856267477928e+03
5.120963568570519783e+03
6.739480859537615288e+03
8.577881455906423014e+01
8.917553146222779105e+03
8.591325445585092893e+03
3.094560634249463874e+03
9.785225676586456757e+03
9.291473409660731704e+03
3.418468831638848314e+03
9.839578556108664998e+03
1.784056813986796215e+03
5.023386196060525435e+03
3.358121422913550305e+03
9.949490157108224594e+03
1.724104909960218265e+03
8.263443787238431923e+02
3.022215654763889233e+03
6.533050969256499911e+02
3.831730366605507697e+03
6.282783602933121983e+03
8.571402055487471443e+03
2.052070291376105160e+03
5.696500259339155491e+03
3.482581436524815672e+03
2.893270637086229272e+03
3.267304773924492565e+03
1.743360932665642395e+03
2.483872573536812524e+03
8.286349546703617307e+03
5.097854855805072475e+03
5.076109657026596324e+03
9.213233556136294283e+03
8.752685756045699236e+03
9.334208341506624720e+02
5.077834555697714677e+03
8.722116075024614474e+03
5.788499598974877699e+03
2.044756593267868766e+03
5.288928910889738290e+03
8.891298197648009591e+03
6.179637109327659346e+03
2.447107910969406475e+03
9.302226054182028747e+03
7.381283747703236259e+03
7.142933346126716060e+03
4.399447279170857655e+03
3.215692411184485991e+03
2.915251079297479464e+01
9.119699160629374092e+03
4.605264915905975613e+03
9.133539631559167901e+03
5.597326883928069037e+03
2.375144428408761087e+03
2.423415850767211850e+03
1.665848073973313376e+03
9.978560358438890034e+02
7.227614816842889923e+03
4.548533861828102999e+03
8.638285956855224867e+03
2.817222096341578435e+03
8.195404355450718867e+03
1.701329074076371171e+03
3.778868184652240416e+03
7.945549432505410550e+03
3.894826314114604884e+03
8.402425179230660433e+03
6.755486432590294498e+03
2.790870261738351019e+03
2.127194819781180286e+03
9.503082841822026239e+03
7.843210866468898530e+03
1.190472387932744596e+03
6.516075142771720493e+03
1.638294555327136095e+03
1.318797775996891914e+03
4.959803002157354967e+03
2.397216153868498623e+03
5.940869137282613337e+03
9.292936970165828825e+03
9.175948417327437710e+03
5.277994670195753315e+03
6.168145265893753276e+03
5.676907860265441741e+03
6.813237025292550243e+03
8.275637595289150340e+03
3.352361182420490877e+03
2.179890590813221934e+03
2.686725693562518700e+03
4.496698845084479217e+03
7.438292398827958095e+03
1.936586486376953872e+03
9.075338201661796120e+03
9.812214947062946521e+03
