1.093931282644492057e+03
2.028458710687327198e+02
4.265552932824003619e+03
3.979138260335466384e+03
7.364655068346742155e+03
9.344419400485319784e+03
1.423935932012648891e+03
6.078806062662160912e+03
4.759328372063917413e+03
6.962984516357572829e+03
3.373015657635012303e+02
7.160262777368429852e+03
4.745366151403612093e+03
4.345709061411510447e+03
5.703632339127970226e+03
5.768256312162252470e+03
4.332334268807470835e+03
4.804406801567486582e+03
4.666778986501502914e+03
5.321003511482239446e+03
3.548610853960038639e+03
6.985500139777716868e+03
2.148611574927492256e+03
6.623404162201050895e+03
7.454312518508555740e+02
1.355602337897214738e+03
3.040911831666549915e+03
2.811217512031746537e+03
1.192392271836737791e+03
9.568881843100138212e+03
6.388459254684865300e+03
9.853523180075599157e+03
9.084193252471048254e+03
8.247003683875727802e+03
7.654215386583348845e+03
5.456000066940207944e+03
1.226412043654488855e+02
2.584232391594111505e+03
1.990836453719735573e+03
5.726371210199548841e+03
9.310401631053266101e+03
3.382480545021707258e+03
2.576320688833549866e+03
1.543293755224498682e+03
3.922462881036309682e+03
5.258746452068371582e+03
3.722280472753981826e+02
4.837620488328769170e+03
4.684478097760921628e+03
2.824997719733909207e+02
7.521380129210629093e+02
4.495138399497736827e+03
8.867066421435598386e+03
5.650429134138254085e+03
3.505575498001361666e+03
1.557429356233447834e+03
6.321985186616596366e+03
7.219220174696579306e+03
6.915977775988837493e+03
7.675951254850118858e+03
8.603001378647353704e+03
5.144573975509862066e+03
4.615719055372528601e+03
2.194488104505564024e+03
4.786142257182611957e+02
4.817105922093907793e+03
2.553867375964645817e+03
6.157238950759232466e+03
5.471300082897288121e+03
7.530664855492054812e+03
9.000452314575590208e+03
4.018771410780598217e+02
7.527753187225844158e+03
8.390216571005928927e+03
7.249833590946010190e+03
2.878296058850226018e+03
5.801635400909956388e+02
4.569192936874819679e+03
9.578584191805613955e+03
2.686744945393141734e+03
5.290328350276646233e+03
9.270009419976451682e+03
3.559039374532467718e+03
9.179025167691899696e+03
6.758454440238249390e+02
9.461232000749905637e+03
8.893071675717570542e+03
6.301037802711641689e+02
1.344860935328880487e+03
8.523258957495161667e+03
9.844290041030666544e+03
8.670135535086845266e+03
3.615073682264113813e+03
8.323146520681983020e+03
3.738833365283770945e+03
7.701508929605330195e+03
4.557718132975974186e+02
5.773248953169789274e+03
7.385011561540311504e+02
6.008703896890920987e+03
9.169099731300373605e+03
2.539533558028928837e+03
5.487470970222011601e+01
6.817959985914643767e+03
7.806415291556647389e+03
4.900708682552725008e+02
6.111498681765781839e+03
7.110506527512588036e+03
8.494585790774131965e+03
5.214920036288160190e+03
8.614847491457074284e+03
8.255396941060824247e+03
9.930753851776176816e+03
8.724359718664924003e+03
8.437900327679246402e+03
8.400768721236196370e+02
4.775952518322748119e+02
1.594470271668951909e+03
5.826022673922884678e+03
4.867853181805900022e+03
4.737753989222268501e+03
1.737820645771248337e+03
2.103895860303933205e+03
3.550590027354098765e+03
1.662001154824467221e+03
9.381235791970164428e+03
3.522544201586554664e+03
1.337572752155509988e+03
5.790111703290582227e+03
3.967848746444755761e+03
8.998408906133252458e+03
1.150356842197717242e+03
8.091688190516737450e+03
9.382046136939037751e+03
6.023847162117365770e+03
4.508396326306594347e+03
8.890755472015187479e+03
9.055002062678440780e+03
5.026017230874211236e+03
7.187653366448083034e+03
8.522554768002570199e+03
1.172950032620876073e+03
6.049453647960481248e+03
6.793766599840789240e+03
1.755022844288234410e+03
8.242761765154165232e+02
9.415133199490872357e+03
1.277246566381947105e+03
9.683605738304073384e+03
5.744216626763105523e+03
9.613439887745596934e+03
4.606094073841070895e+03
1.467747549931761569e+03
8.457523897597247924e+03
2.803539962229618595e+03
1.528570710166871550e+03
8.944954848203908114e+03
9.232042734558483062e+03
1.487016554959172367e+02
4.071608655509139680e+03
5.230184820083588420e+03
8.814715980417957326e+03
5.566288587021490457e+02
8.454685243926629482e+03
5.825403782310350834e+03
5.022075412226232402e+03
4.360506811406798079e+03
6.035673215329915365e+03
8.632242437820550549e+03
8.825630122450340423e+03
3.332611575803063715e+03
4.830876200287028041e+03
8.863644824765331578e+03
6.294245074656287215e+03
2.682556074148684502e+02
5.883568421958213548e+03
8.399177538854948580e+03
8.328964232874142908e+03
5.860854245791274479e+03
2.534362219621531040e+03
8.415849404530144966e+03
7.126096557964884823e+02
2.977732762665027622e+03
6.394400157350191876e+03
6.934766943093072769e+03
9.430776462480449482e+03
6.323887948918719303e+03
6.047609260027480559e+03
6.705144578040158194e+03
8.202361258021521280e+03
2.007297235250908216e+03
1.008080982029040229e+03
8.735502681679094167e+03
8.350824760311594218e+03
3.330016019043235929e+02
9.623996168069048508e+03
5.128973974001210081e+02
7.155576462469891339e+03
6.471359408465237721e+03
9.305733397936041001e+03
4.858653301300967541e+03
1.806943530846851218e+03
5.662754207956581922e+02
1.379707861556582202e+03
8.653227438972273376e+03
3.732539512335470135e+03
6.317262001986968244e+03
9.351095611960371343e+02
3.683911447293740366e+03
4.257980709235007453e+03
7.667071160210768539e+03
4.789127570100698108e+02
2.951263949639444945e+03
9.927872291952558953e+03
7.417253299023870568e+03
5.471898164296103459e+02
9.180432107200809696e+03
2.345215828128713383e+03
6.236688045965118363e+03
9.171676626168280563e+03
5.813625792148483924e+03
9.482062356173773878e+03
5.373614754252001148e+03
5.724360610554171217e+03
3.268670114552026462e+03
9.056607062624212631e+03
8.944197018289694824e+03
6.560986234427585941e+02
6.340687667176077412e+03
2.381198349631785277e+03
9.100743209413072918e+02
2.275132284082460956e+03
4.979868654989488277e+03
4.277607519599030638e+03
3.842000264588925802e+03
3.065173407081002097e+03
4.360619013723420721e+03
7.441417836748948503e+03
4.208595695262335539e+03
8.445605841278813386e+03
3.307602180682545168e+03
7.422146406082873909e+03
2.537765612790703017e+03
4.897627628529887261e+03
9.561004885509562882e+03
8.390518080502448356e+03
7.457068269318270723e+03
5.289080718414788862e+03
4.507951066787903073e+03
4.012626983298390769e+03
8.458437753656806308e+03
9.899147483376033051e+03
7.393162881479941461e+03
2.526562347532451440e+03
2.987918297605810949e+03
3.919028832495741312e+02
4.754602104560260159e+03
8.850916785346887991e+03
1.017566570717958257e+03
3.165904637508491305e+03
2.025724324187490083e+03
4.663625264859276740e+02
5.996584304366017932e+03
1.342081563143640324e+03
8.027963305121973463e+03
2.514848271536687207e+03
1.113040298404037230e+03
2.272647549421091753e+03
1.243595750440781131e+02
9.564694675297236245e+03
8.078392224146791705e+03
6.753609466202428848e+03
3.573817625653875893e+03
1.385482139812200941e+01
2.100854545626076288e+03
6.174904262230664244e+03
3.584943671326728690e+03
9.697245461410429925e+03
4.515622028316029173e+03
6.621576383560732211e+03
5.695640480037825000e+03
5.056578135692017895e+03
7.836109478618186586e+03
5.422178364888920441e+03
1.191236974504411592e+03
1.303701876233939856e+03
2.840891774206373270e+02
5.788567175230308749e+03
6.044663501328160237e+03
8.618655948105777497e+03
1.283895970209046936e+03
9.023992973606327723e+03
9.467914017883234919e+03
8.718006794094182624e+03
6.857506012057817316e+03
9.524620450461474320e+03
2.811748893254965651e+02
7.660598386916217351e+03
9.577037697613102864e+03
4.704564433242687301e+03
9.349867932173707231e+03
8.243648865233079050e+03
1.325118132161030189e+03
9.367421630940538307e+03
8.306711603856110742e+03
4.783164595219391231e+03
5.795025836643510047e+03
7.504730824996565843e+02
8.329841201088294838e+03
3.768972758243810404e+03
5.287547556679375703e+03
2.816787765341808608e+03
2.229315635251926324e+03
4.602415505248733098e+03
6.452676338691792807e+03
5.642149754572978964e+03
4.608770690623866358e+03
3.771539310333595495e+03
4.637413142415724906e+03
8.595990265759332033e+03
7.155021553549476266e+03
7.748597286130564044e+02
9.949173384005745902e+03
1.144444136190648351e+03
3.677626263056993594e+03
4.590647732467158676e+03
5.200770137837764196e+03
2.508839299346865573e+03
4.067494785083734996e+02
2.229918599215365703e+03
3.158629468094784897e+03
8.372468938986414287e+03
8.006687484415958352e+03
3.628522259172979858e+01
8.144430377052290169e+02
7.824007785277402945e+03
3.323319926717028011e+03
8.280963420842042979e+03
2.780834815132214317e+03
8.614459203752170652e+03
5.957009279036674343e+03
4.874470469904083075e+03
7.848563208173879502e+03
9.078630107412493089e+03
3.085885513376525523e+03
9.513718172512601086e+03
2.952569056854860719e+03
4.448977880764836641e+02
5.422471103118165956e+03
3.237765935410043767e+03
8.562542461355285184e+00
9.691477371714425317e+03
6.107647589648773646e+03
2.923146004236251088e+02
6.457294521617918690e+03
7.556338430348108886e+03
6.279996626827422688e+02
5.875645252222716408e+03
9.222966413590043885e+03
1.497449238001765480e+03
9.386473724795567250e+03
4.349749637147049725e+03
5.162097759686685094e+03
5.792575724692343101e+03
4.732906904476909062e+02
8.647389235241931601e+03
8.797950599409819915e+03
3.104177896341849191e+03
7.849774832961823449e+03
6.472974940604593030e+03
6.337718170218676278e+03
6.782893698385999414e+03
4.727123362037744300e+03
4.200228405034242314e+03
8.061082180949156282e+03
8.397879242399167197e+03
5.284708865864727159e+03
4.834117112578579508e+03
1.688357796256241272e+03
4.155542480641157454e+03
4.232787739516463262e+03
9.266878995807577667e+03
4.404990160324432509e+03
9.233176907951310568e+03
2.364951352611109670e+01
6.676894914428903576e+03
9.594549761141983254e+03
2.604453314581644463e+03
1.482406285302862443e+03
6.696559971510914693e+03
8.308265604235433784e+03
8.141777664417364576e+03
8.215516968963731415e+03
9.278733565253438428e+03
2.508884819074286497e+03
4.690831520005946913e+03
7.232233942920022855e+03
7.620443986264359410e+03
3.070308210386596329e+03
7.718656785899386705e+03
8.978759141669768724e+03
4.120050027993323965e+03
9.037797262935207982e+03
7.653538138200004141e+03
6.111176450425884468e+03
7.882350831887684762e+03
1.950097574864374337e+03
3.921298319941562113e+03
8.406711570823637885e+03
7.443250491887685712e+03
8.134217094635871035e+03
7.142378621347903390e+03
9.595279999725757989e+02
4.842094791091717525e+02
2.724873805009196531e+03
8.957317554839188233e+03
7.725953994028678608e+03
4.261137539129719698e+03
4.446553817845344980e+01
8.333750838163274238e+03
6.127795206071911707e+03
1.019505922137637128e+02
5.499728475503601658e+03
7.212337873514276907e+03
6.409492639368374967e+02
3.890181229076186810e+03
9.461076922330774323e+03
8.803720436099561994e+03
1.786246167241005651e+03
2.255295243469568618e+02
2.597572377069570393e+03
1.426233928730380569e+02
7.335827593472433364e+03
7.234768077319120039e+02
7.744453965409879856e+03
7.972271054229442598e+03
2.820529266962150814e+02
8.300433023338828207e+03
5.725295905365094768e+03
1.512184393524632242e+03
1.187352935415141019e+03
4.368471269822014619e+03
9.637864875885255969e+03
7.929465559475472219e+03
3.459500070442418746e+03
3.839489197980603876e+03
7.443045986703034032e+03
4.529811732777352518e+03
9.606727738014915303e+03
7.073446516718723615e+03
1.486944694858584626e+03
5.635136059023011512e+03
3.386239567744249598e+03
6.339314646519856069e+03
1.696746240652126062e+03
3.397001064391444743e+03
1.196991130535103366e+03
5.822357682499879047e+03
3.226779356817756252e+03
5.812560376883258868e+03
1.446382722585124156e+02
4.870199529500399876e+03
7.906601277245524216e+03
6.832189229992875880e+03
3.599172778900996491e+03
5.584020797186262826e+03
5.629943162329828738e+03
8.258647821610644542e+02
1.229656479645671652e+03
5.860524791114651634e+03
5.737656974433581127e+03
9.934726816726883044e+03
6.222856518030237112e+02
7.087307947627117755e+03
3.440682210933340230e+03
6.763021888979325922e+03
9.543196276979850836e+02
1.059908359881694651e+02
6.654290134381397365e+03
2.380482600829529929e+03
9.526594712307583904e+03
7.383139543532690368e+03
6.032594352895153861e+03
2.525435639531485776e+03
2.308003579068436466e+03
8.943061436741443686e+03
1.425917427693639638e+03
7.467437620448784401e+03
8.137923087253831000e+03
2.967461986025713259e+02
2.560297035731023243e+02
1.630539792562290131e+03
4.602864543630481421e+03
7.374115228579151335e+03
8.490683938987413057e+03
2.796161874869079838e+03
5.544090822999740340e+03
1.788877797367392986e+03
3.505261266695738414e+03
5.847997210222859394e+03
5.262738770191924232e+03
9.095898351783906037e+03
2.769769091040327567e+03
7.900921194424293390e+03
3.159277587196980221e+03
8.175223227873839278e+03
1.813152540600342263e+03
1.539593540993785155e+03
8.489889900156753356e+03
4.535750147307844600e+03
7.732095504481790158e+03
8.935637058300713761e+03
2.731052294026952495e+03
1.646325965591633349e+03
7.873329532277358339e+03
4.345379145986066760e+03
9.540548070587444727e+02
9.364438974739014157e+03
7.433701336461283063e+03
1.675542926540952976e+03
6.545309457487591317e+03
5.285169818872002907e+03
2.701731354110245775e+03
9.889516598183650785e+03
3.500239962063757957e+03
2.862617855486412736e+03
1.232201809664694110e+03
5.938004567153191601e+03
7.414268673379862776e+03
1.234733259333136175e+02
7.996867801264324044e+03
6.103771192299551331e+03
8.619435673915644657e+03
7.134353648175747367e+02
9.514389568330267139e+03
6.565540782083066915e+03
7.403979436982116567e+03
8.783770890922287435e+03
5.492664811268721678e+03
3.062145422680537195e+03
5.154300282385518585e+03
8.250101061928151466e+03
9.014567196355779743e+03
7.837176475600281265e+03
1.426610055409568076e+03
9.943086076235496876e+03
4.902090432729532040e+03
6.235017257214104575e+03
4.688275071511075112e+03
5.641137518167905910e+03
6.195723692077115174e+02
5.069420709976585385e+03
8.861853712903832275e+03
1.012523372551820131e+02
7.028783635286690696e+02
9.872509500601361651e+03
4.066820334297713543e+03
8.533598737445428924e+03
7.893363594860682497e+03
3.226909595645761783e+03
8.275635945113239359e+03
1.534975173120238594e+02
2.149157318103275429e+03
8.711321040776527298e+03
8.065945268262294121e+03
9.763649820628326779e+03
4.766790319552614164e+03
9.782618279737496778e+03
8.244384818195678235e+03
7.242711801959825607e+03
2.070027378948529133e+02
5.358822017075869553e+03
7.917151846043697333e+03
5.217285786096716720e+02
8.760079885046474374e+03
1.281016435689368336e+03
3.019924804750549811e+03
8.386307286774938348e+02
3.048794669957835140e+03
3.841363627547197552e+02
6.612454200648854567e+03
8.758327895330130559e+03
2.799482456968104088e+03
2.652667839937290410e+03
4.981494396758667790e+03
1.932520106051850689e+03
9.730777835586344736e+03
6.136549851877878154e+02
2.140769103740975424e+03
9.250963798216174837e+03
2.810480016716299360e+03
2.230553337952845595e+03
7.013065902792006455e+03
1.419142436560314536e+03
8.173294129593212347e+03
6.864459873972215064e+03
3.032566105824115311e+03
1.201935794426479561e+03
9.230182865319811754e+03
9.292901031565108497e+03
6.232776348349309956e+03
1.742745234362170550e+03
6.114331617906198517e+03
2.738912365553473137e+03
7.753438419867120501e+03
5.580289796570996259e+03
5.102846102819454245e+03
1.588337686234520788e+03
9.655313772951740248e+02
8.016373452062576916e+02
7.470679680733725945e+03
7.274555493297370049e+03
6.193426794490624161e+03
5.035428482662186980e+03
7.020637990668443308e+03
9.487425238886338548e+02
1.934146115728950235e+03
2.699907888295054477e+02
6.172223623800099631e+03
7.712238024593185060e+01
2.660643092580232860e+03
8.154600057059996288e+03
6.241250834160595332e+03
1.898229383485452445e+03
2.859539836149286202e+03
2.940418209461204697e+03
7.574986948241429673e+03
1.487546494971220454e+03
7.212960196951818261e+02
2.585977670617736749e+03
6.249526694909597609e+03
6.667530735227445575e+02
8.838177943820839573e+03
7.977198055345306784e+03
2.617559242731391009e+02
5.603818476934307910e+03
4.325149371393024012e+03
3.023256108407511420e+03
3.117984048834831810e+03
6.410944274887709753e+02
5.224263523475598049e+03
9.204093953025459996e+03
4.793409104263848349e+03
3.481723057386125674e+03
3.759905747826502193e+03
4.824914916474767779e+02
6.147778058231615432e+03
4.940680125790326201e+03
5.036780195072574315e+03
8.832758105288247634e+02
9.967367545146942575e+03
7.031765214728403407e+03
1.470679051941543094e+03
2.239921406685537477e+03
3.612281747594363424e+03
2.083890615227694070e+03
5.057484345271547681e+03
2.986102351619870205e+03
6.950571857646566968e+03
6.691865030470306692e+02
4.211412798608187586e+03
7.805608973838812744e+03
1.250896133325314167e+03
9.601365306607815000e+03
3.929870052766759159e+02
5.801566234905727470e+03
7.845664340026214632e+03
5.727398712856698694e+03
4.892968317569391729e+03
5.117322194504760773e+03
3.872532534082585244e+03
1.810552916563110102e+03
7.022283265405692873e+03
4.704419020421823006e+03
1.506107201567186394e+03
9.289262103148044844e+03
6.071213788422472135e+03
2.178855540972974268e+03
6.043985361529807051e+03
7.398868943150747327e+03
2.322401687432919516e+03
8.140598062079980991e+03
8.865704146537604174e+03
3.471256948592199478e+03
4.144274556867669162e+03
7.846699919332283571e+03
8.110668294917471030e+03
5.404904857779890335e+03
5.295484200766793037e+03
2.267114374116995350e+03
1.430683585396606304e+03
7.307556294019073903e+03
8.146058566445647557e+03
3.094114718052169337e+03
2.085046131718778724e+03
5.477646914889527579e+03
1.965135058268291914e+03
2.982706889069787394e+03
8.818566517676943477e+03
1.808025573323874937e+02
7.199175352937945718e+03
3.064031968485339803e+03
7.383878234976630665e+03
8.555561499808900408e+03
7.874794239680925784e+03
7.343494662952416547e+03
1.133371168094141268e+01
2.511441963680174922e+03
9.625831819582344906e+03
2.737179260118841285e+03
5.645038999881680866e+03
9.136064311435748095e+03
7.689832975405252910e+03
3.428742184286130851e+03
7.468100658031607963e+03
8.077333584247943691e+03
9.402494356543596950e+03
1.127328257692564421e+03
8.424540155615999538e+03
3.039620880944623877e+03
2.999014726848145528e+03
3.224184762752359802e+03
2.117775536041941905e+03
4.014639952028954212e+03
9.162313974026890719e+03
3.176422732295461628e+02
7.440470534996913557e+03
6.898989081573678959e+03
1.526076212229796283e+03
4.916205936560486407e+03
6.795477937258181555e+03
1.542669562328798747e+03
3.553853101134945518e+03
1.792978242852623453e+03
7.550238269362976098e+03
5.441553330957452090e+03
7.233709995710191833e+03
2.503166777244014611e+03
1.868479077218867587e+03
3.782061616512965884e+03
5.673924697001679306e+03
8.188145495086476330e+03
7.156718349315112391e+03
5.453307223105445701e+03
1.537340115139892987e+03
7.424915516171511626e+03
9.070065029003235395e+03
7.577280924200517802e+03
4.771065548892336665e+03
7.749806599598104185e+03
9.581154216532060673e+03
7.525733574708511696e+03
2.105803152175937157e+03
2.211099758138781908e+03
3.576848530821729128e+03
4.078872321771941074e+02
5.356938292434809227e+03
4.591849383547975776e+03
1.904436107625087743e+03
7.096886320391049594e+03
5.125999022441571924e+02
8.212213485922942709e+03
4.490412196160129497e+03
2.615742504374812142e+03
3.206585557102693656e+03
3.850621086137383827e+03
8.249894429649693848e+02
6.201140533002589109e+03
2.965978849865343363e+03
4.260278238093399636e+02
4.067108574708018295e+03
2.151397045654761769e+03
9.037698993248572151e+03
5.912093976770534027e+03
4.927692464791534803e+03
4.315918893392890823e+03
5.439357552451456286e+03
4.543146162670080230e+03
2.660533076268171953e+03
8.012277401111508880e+03
1.180878432483131974e+03
3.304086105554370079e+03
4.776559955975759294e+03
1.519500544980953464e+03
4.840017169243938042e+03
1.077792518246916870e+03
6.843108858685896848e+03
6.297703893794007854e+03
1.511965542902962852e+03
2.221974169915743460e+03
5.622167021290522825e+03
2.009281826010083023e+03
1.514282920136250141e+03
6.351178014149242017e+02
1.524715168681207160e+03
9.904172742491919053e+03
9.090807792028866970e+03
1.378283437115098195e+03
4.722798276000398801e+03
9.942453072634290947e+03
9.086926236214621895e+03
4.711515889638330009e+03
2.841567008586613611e+03
9.046256966344380999e+03
2.341200482238482891e+03
3.201364195927844321e+03
9.099818131695714328e+03
9.881545770809078022e+03
5.349832811963648965e+03
9.387481607275838542e+03
5.869877070838491818e+03
6.595681265218130648e+03
9.841094481154330424e+03
2.034715724488935393e+03
2.105346406081751809e+02
5.080058785871585314e+03
1.069731575266961727e+03
5.715754880669316663e+03
5.000868391295124979e+02
4.621615344056590402e+03
4.012316014640045978e+03
5.354894712164957127e+03
7.954148825963964100e+02
5.033774509968945495e+03
6.978133200549918911e+02
8.200902211226080908e+03
6.655475759128816208e+03
1.894981638951080413e+03
2.569727338874542056e+03
6.850187668803933775e+03
6.817693846483090056e+03
5.566863961541093886e+03
5.732010336127736991e+03
6.277689700176132646e+03
3.140084063568097463e+03
1.865614755138095461e+03
6.848901116147297216e+03
9.362013939283509899e+03
1.534179616441095391e+02
3.185961610742688663e+03
3.071999150455679910e+02
8.076560186171710484e+03
4.473565627383636638e+03
9.389400810633007495e+03
5.252698513632078175e+03
7.686055670874036878e+03
9.688035553167399485e+03
5.262249295267678463e+03
8.286184525910714001e+03
7.140119623377388962e+03
1.789510805233210704e+03
5.108338236609130036e+03
4.470141107198161080e+03
7.963898736947687212e+03
4.860511796313604464e+03
7.579130238666206424e+03
1.760117596091159385e+03
5.368554986254817777e+03
9.580446105009179519e+03
3.018794201856282598e+03
1.656593795136436711e+03
9.089149636584459586e+03
5.540880455497233015e+03
4.297074341467920931e+03
4.085932050521111705e+03
3.102680041951478415e+03
4.865496841689063331e+03
1.771152615381674650e+03
3.084428306882112793e+03
7.207450170437396991e+03
3.761276996063027582e+03
8.984869532815853745e+03
7.296822889440050858e+03
6.885544682121628284e+03
4.786599326939151069e+03
9.196303383009628305e+03
9.125296261195630905e+02
1.426100938053937398e+03
2.412847986686736476e+03
7.548322384407959362e+03
7.491628790590872086e+03
7.780041163721403791e+03
6.794307279623171780e+03
5.202435720875539118e+03
7.518221541882536485e+02
4.745141007306059691e+03
7.794131006895825521e+03
7.537563640412874520e+03
6.774786697160569020e+03
6.413842072306159935e+03
9.462411555469743689e+03
8.294078276497357365e+03
8.158341098672547560e+03
3.264537730228752025e+03
3.863452128917267601e+02
5.051614294429547954e+03
8.703154101047979566e+03
9.213072138270179494e+03
5.507344781319927279e+03
5.075086610385231324e+03
9.773654484803437299e+03
5.839623455849326092e+03
7.962241189189331635e+03
2.936015671698970891e+03
4.025159988118483852e+03
9.183892041660348696e+03
6.134402118655423692e+03
7.322200902862670091e+02
3.290752511408748433e+03
6.144195997076204549e+03
9.381527448280769022e+03
1.812323484626964955e+03
8.180334210626539061e+03
3.918378149064882564e+03
6.927878225873781957e+03
3.630620136113831904e+03
9.966362441624269195e+03
4.375676959639515189e+03
8.013130329721439011e+03
3.210083610541533972e+02
8.115203033997821876e+03
5.718968649485759670e+03
2.991382891627183653e+03
8.097523985846587493e+03
8.724284476548909879e+03
5.992865348041446850e+03
4.966296333508797034e+03
5.717448203205472964e+03
8.326911946900494513e+03
2.156596625220837723e+03
2.393482702248159512e+03
5.665374135454008865e+03
6.711041779710832998e+03
5.704554581002669693e+03
9.381719946848766995e+03
5.121556470881058885e+03
5.272044210873703378e+03
6.613820907006054767e+03
6.242660670964591191e+03
1.306197144078066458e+03
8.629551100551552736e+03
7.175053865189952376e+03
3.122566255352644021e+03
7.971855708345537096e+03
4.818118582909777615e+03
6.187611936197630712e+03
2.679784846460446261e+03
5.708142750516297383e+03
6.660951839280016429e+03
1.007833918593847102e+03
1.344999562459267054e+03
8.822153387740499966e+03
8.624303039983071358e+03
3.384622825228575948e+03
3.299221633827316055e+03
2.536705817197214856e+03
8.614521304209627033e+02
6.097134401382080796e+03
1.701881200902528917e+03
6.669526161071442402e+03
8.406684391811286332e+03
3.404168139343190433e+03
4.608314557589318611e+03
2.785249804512017704e+02
5.972663918505020774e+03
4.963211183310021624e+03
2.806548819729229308e+03
2.173252370194476498e+03
7.485662536639323434e+02
3.803043220859864050e+03
5.188220783986324932e+03
2.848761809415043899e+03
3.455967167059838175e+03
4.310592774604652732e+03
5.304771252408034343e+03
7.753977984099878086e+03
9.099429443284654553e+03
6.259961492181778340e+03
9.455080235038371029e+03
1.280482198063665919e+03
9.581845985307696537e+03
9.344567918029881184e+03
6.658270896123068269e+03
1.040577337843248870e+03
4.938172295097095230e+03
5.800348531163072948e+03
5.104185429467898757e+03
3.130588453896397368e+03
3.856349471011345031e+03
9.685049843789871375e+03
4.230909885675144324e+03
2.892910833888079651e+03
9.864777164463830559e+03
1.600566618841732861e+03
9.767037307322711058e+03
5.428822093939013030e+03
4.597869931840515392e+02
1.519434541988604678e+03
5.866942513644684368e+03
5.529183274163206079e+03
5.466962003162560904e+03
5.952160654662799061e+03
9.393029437598375807e+03
1.580330505125006539e+03
2.123752060220638214e+03
9.172614372169640774e+03
1.928643390718126284e+03
1.152718118591988286e+03
7.002647854399169773e+02
6.472082242423698517e+03
2.173946653164379768e+03
1.970382798192713608e+03
6.193568831023308121e+03
7.189467311245281962e+03
6.987508716973102310e+03
8.612952760175992807e+03
3.672951332845255365e+03
1.584314263651241845e+03
7.655210685355822534e+03
2.460608958430535949e+03
6.228164153195915787e+03
7.368335601096000573e+03
9.398549906518490388e+03
9.747574613021681216e+03
