8.455871333289667746e+03
6.244785281717708131e+03
1.820817985544362955e+03
1.952138443535441183e+03
7.730496089109914465e+03
4.018673078738651384e+03
1.201984848651590710e+03
1.179752171142194584e+03
8.917240289776098507e+03
5.517189562834797471e+03
3.148929184523411095e+03
1.562834403722250954e+03
4.252272275322931819e+03
8.042019676985685692e+03
8.924497669790032887e+03
1.338640497072231256e+03
4.014780832906427349e+03
7.888075713079590514e+02
5.888556124049428036e+03
1.454299978562891965e+03
6.120522227401338569e+03
9.307140753150602904e+03
9.957611388088715785e+02
8.544337991089314528e+03
2.519880868806756553e+03
8.065987431978547647e+03
8.659191295195971179e+03
8.566203648885579241e+03
1.767766746477640027e+03
3.592649174959231459e+03
1.976251911103594921e+03
5.057442423245066493e+03
3.751814652996180484e+03
7.031836636768859989e+02
2.684788086701702014e+03
2.871623499964867278e+03
8.159767138778471235e+03
9.694186675213417402e+03
8.776300112874796469e+03
4.239051158158700673e+03
4.616166168552367708e+03
2.147525227469221136e+03
7.884248636875309785e+03
4.926266895915584428e+03
5.091282853152931239e+03
3.415792356693380043e+03
3.619420093768527749e+03
7.343236440183424747e+03
7.270128776889492656e+03
4.338212692738058649e+03
3.982134616633677524e+03
8.413513483379534591e+03
4.094864944222202666e+03
6.921287969551310198e+03
4.680407370348628319e+03
7.399155638762251328e+03
3.872255364877251850e+03
7.491837685440268615e+03
2.293682478471158674e+02
9.480767178398358737e+03
5.616613320850980926e+03
3.026709013661942663e+03
8.843380641384315823e+03
7.535960482243905290e+02
1.399701616191960966e+03
2.672489379932189877e+02
4.209001612954453776e+03
2.363087545959419458e+03
6.314284304160194552e+03
3.532949549112501245e+03
2.339705798519042219e+03
5.837069143017977694e+03
7.021211319853005079e+03
7.777840828801088264e+02
2.021542281227531475e+03
2.447414731653278068e+03
9.815062921509583248e+03
6.722186144288712057e+03
2.110656677153189321e+03
7.103468656562215074e+03
8.630304797382603283e+03
6.704696382009291483e+03
4.093142081931501252e+03
9.125752712238416279e+03
4.186348820668195003e+03
5.707307229785829804e+03
2.329063318343118681e+03
2.011696344119598507e+03
6.796283512823479214e+03
1.791032818231527244e+03
4.022186519477161710e+03
4.750914896829921418e+03
1.398738828335801372e+03
5.829177884460226778e+03
8.054268308946805519e+03
3.818013541083055316e+02
5.106054085344098894e+03
3.867276187581352588e+03
2.845979778095803340e+03
8.510227133501524804e+03
4.427835671298662419e+03
8.678653152092967503e+03
5.807931530609687343e+02
6.026547196303034980e+03
2.724909979091824880e+03
5.312544263137348935e+03
9.506503326509298859e+03
4.915477364660457170e+03
2.608968762695378700e+03
7.731897753450634809e+03
7.992869432227410471e+03
8.874420193700254458e+03
4.902998090269825298e+03
2.644074691290976716e+03
8.576784275905531103e+03
4.187042127192360567e+03
9.846036608717637137e+03
3.405410154909417997e+03
6.365742118437503450e+03
6.873574692107186820e+03
1.104465594247268427e+03
7.455899124237479555e+03
6.859142882758607811e+03
3.955712032889662169e+03
9.622975234960002126e+03
2.467468207606601027e+03
5.337560838768881695e+03
6.657752491734935347e+02
5.265572237206679347e+03
6.496493735617003040e+03
3.196065357492259409e+03
7.599955687670163570e+03
3.303471330727628356e+03
2.230595331393566994e+03
1.693670628023701511e+03
8.358336313311170670e+03
5.731625828863731840e+03
3.829494969027804927e+03
6.456284866955113102e+03
3.110641824141792313e+03
3.928174577391488128e+03
1.365766027232369424e+03
2.360393204868203611e+03
2.164148299492114802e+03
2.071311835223000799e+03
7.937089498006629583e+03
9.971798262782431266e+03
7.898004593606550770e+03
9.616327027222143442e+03
2.100370913124606886e+03
2.723644795948730007e+03
4.320000642215273729e+03
3.803601687190840948e+03
8.937065896679898287e+03
5.713603413299065323e+03
8.834145057865807757e+03
1.945415633919763650e+03
8.850911172302288833e+03
2.518843350637458570e+03
3.342269900035820683e+03
7.568838067687564035e+03
7.984741500916626137e+03
4.041946432426664160e+03
7.906193959721149440e+03
3.649981434949023424e+03
9.317698274755666716e+03
5.487424196662569557e+03
8.945473630915222429e+02
1.462166921968650740e+03
8.646509960217092157e+03
5.002368675163006060e+02
5.478645139306341662e+03
8.579407075480165076e+03
8.904437182438556192e+03
4.079054882670208144e+02
9.674412667601965950e+03
8.031474643281375393e+03
3.557235898212393749e+03
9.056974756997762597e+03
2.060939221912162793e+03
5.135963522040051430e+03
5.888045030791839054e+03
4.232575378903411547e+03
8.330361282799533001e+03
2.113276608727161147e+03
9.554253768527232751e+03
5.052618913738812807e+03
5.264831295242258420e+03
1.411377934892088433e+03
4.590271898284707277e+03
9.576398019371061309e+03
6.495128860510625600e+03
9.675905409658987992e+03
5.979802895467846611e+03
1.976613456580842012e+03
7.001614739779146475e+03
4.164439807378239493e+03
8.563089148887793272e+03
6.245021814106532474e+03
1.136979043828108615e+03
7.903617980397005340e+03
1.940485245303330657e+03
6.389979586259359166e+03
2.417033173890442413e+03
6.600890643757661564e+03
4.027790613162110731e+03
2.955651544227735940e+03
4.283435518181610860e+03
2.894522235300117927e+02
4.513115876203582957e+03
1.447304331304944299e+03
9.871431665977808734e+03
5.032786842514461568e+03
6.962698305605373207e+03
4.565062438533937893e+03
8.739434365572067691e+03
5.674817127506099496e+03
5.224923326137322874e+03
3.624898816536743652e+03
3.922693766960076118e+03
8.557010773466779938e+03
4.022159533156373527e+03
2.584731564421815619e+03
2.758175977074908133e+03
8.500645075402626389e+03
4.259118029789423417e+03
3.521160677792877777e+03
2.164931480395141989e+03
5.863956652429613314e+03
2.767918393374787684e+03
9.338850142134462658e+03
4.488203207271028077e+03
5.044510576367703834e+03
8.373568265255404185e+03
8.439620424205571908e+03
7.436087200702502741e+03
3.189885870034760956e+03
4.757059513954719478e+03
3.653191067665424043e+02
1.719336102610718910e+02
3.736326351066833467e+03
4.804449376048442900e+03
7.791673081844187436e+03
4.808783140022351859e+02
7.607673975859966959e+03
4.436780412522724873e+03
1.782914322519366124e+03
9.931565162803846761e+03
6.903706755075730143e+03
9.258631156500554425e+03
3.397879282297635655e+03
8.685170993396714039e+03
7.097575240793672492e+03
8.039528650753869442e+03
5.105843997868240876e+03
9.455899760132377196e+03
2.119974645983172650e+03
4.008292010097983166e+03
1.495779347105342367e+03
4.260464195354537651e+02
7.640203117363274941e+03
1.305630413530313092e+02
3.538242428707832005e+03
6.930866605839801196e+03
6.907993498216683292e+03
6.054228086140233245e+03
1.443716182718913160e+03
2.111276124996163162e+03
1.535277813570579610e+03
2.806049715516121978e+03
4.128618260090098374e+03
5.382713751027365106e+03
2.000363036559965849e+03
6.671297693601061837e+03
5.694942579251980987e+02
4.577731518928819241e+03
9.443833130055903894e+03
2.246938628799919115e+03
1.614669287336266507e+03
7.360930200124178555e+03
4.330938201724504324e+03
8.983942953164509163e+03
8.637324337207325016e+02
9.506372734172826313e+03
4.580909906412012788e+03
1.385546394462847729e+03
2.661665061053382942e+03
3.040052913801523573e+03
6.892125860750724314e+03
1.716515256443012731e+03
7.961740041392000649e+02
1.518511586298438942e+01
9.071081540551153012e+03
8.367869680737630915e+03
2.009928761140008646e+03
8.482046072096749413e+03
7.899685732437798833e+03
6.963370962154625886e+03
7.777428289459225198e+03
6.499409903811625554e+03
1.627060844868506138e+03
5.063863194352145456e+02
5.556155828856498374e+03
3.739064526659305557e+03
5.247018586060431517e+03
6.950992454867215201e+03
6.791435661244082667e+02
3.341688222725529158e+03
1.246927138863258051e+03
2.860288280225989638e+03
9.120760140078667973e+03
9.049737332667547889e+03
4.009493654218687880e+03
3.411197736412278573e+03
6.583886021025861737e+03
4.857188398900561879e+03
1.212903326693801091e+03
4.329767679278940705e+03
8.587062965082379378e+03
7.667725783082079943e+03
4.627843669035270295e+02
8.321740320949184024e+03
8.954367264520247772e+03
7.009803921883278235e+03
1.982928731529776087e+03
7.277871632570128895e+03
7.569286314045310974e+03
1.203801722760744724e+03
3.517503866165820000e+03
2.341312725699331622e+03
9.178127217223051048e+03
4.936623083201046938e+03
5.169901627631678821e+03
7.370210741314427651e+03
5.453577755061860444e+03
1.126649828920698610e+03
1.200564138256534505e+02
4.135215614863083147e+02
9.906480502088104458e+02
8.450906459420328247e+03
9.102636603667950112e+03
6.497031005719024506e+03
7.985239119662112898e+03
6.209705959488471308e+03
2.925622120516896757e+03
2.795347712608272104e+03
3.657089267062533963e+03
6.937332573966426708e+02
8.439720146008137817e+03
1.476827249127425830e+03
3.436544806127098582e+03
6.112113321548019485e+03
9.040120409025752224e+02
1.444809371896950552e+03
5.682262364454427370e+03
9.511703043497085673e+03
5.913523372001271127e+03
4.054754765795512867e+03
1.686345673394174582e+02
9.977591917609970551e+02
2.296580000240387847e+02
4.038884028303155901e+03
2.020801641358176539e+03
3.219384149341167358e+03
5.171387972965628251e+03
9.774826679951383994e+03
6.674523573987337841e+03
8.727625143121924339e+03
5.877253878044561134e+03
5.012130531174753742e+03
2.821358145126991985e+03
3.171134175467332170e+03
3.198416008311304722e+03
6.912230485646680791e+03
1.575714431461993172e+03
1.098406130394982711e+03
3.983187176741704661e+03
1.070219329067071612e+03
4.116768414235059026e+03
1.181537127713022983e+03
3.140543076603034933e+03
1.541693233946638657e+03
5.785654702507368711e+03
7.064897828488054074e+03
8.791654052757339741e+03
1.906834457529324254e+03
6.401265938966852445e+03
2.266680965743338220e+03
4.490386758650822230e+03
3.434864744688081373e+03
8.630713498681958299e+03
2.607639489690104256e+03
4.770525192362752023e+03
6.826436338929051090e+03
7.983037129431218091e+03
3.647067452237312864e+03
1.389138495694234962e+03
3.247566599645636416e+03
7.808142051609986083e+03
2.456777764751163886e+03
7.615387910378137349e+03
4.168559854679519958e+02
7.272553574376546749e+03
1.573068292005487365e+03
4.965467800581644042e+03
1.867006006081828446e+03
6.402521624601067742e+03
4.268649054373888248e+03
1.808342592036769702e+03
6.824776976542550074e+03
3.806599825001373574e+03
8.333696368631539372e+03
2.536441477437302638e+03
2.833528322656708269e+02
5.169693203395943783e+03
2.350579998042477200e+03
3.776710640271273860e+03
7.069956287769610753e+03
3.724213737671006129e+03
5.607289026364318261e+02
8.928642613502290260e+03
1.172941348942655623e+03
3.857987311595202300e+03
4.412880269429284454e+03
3.344018351571769927e+03
8.824523700884878053e+03
2.786085603969691874e+03
8.112077936415254044e+03
7.481544100429020546e+03
2.824609148435867610e+03
4.002844442592419000e+03
4.470668412280419943e+03
1.467532506147833146e+03
5.353447025924163427e+03
9.634666231996261558e+03
6.586436571894007102e+03
2.359285192228606320e+03
5.233625686124372805e+03
2.436246821321242805e+03
9.073927036389319255e+03
6.051804406858474067e+03
1.576021057113899360e+03
8.566924809176281997e+03
8.220292848609722114e+02
6.001112353430206895e+03
5.481594245209345900e+03
9.068715508482800942e+02
3.948568678741600252e+03
9.097964154692814191e+03
8.003291848201287394e+03
8.364253145983022932e+02
8.813723395608421924e+03
9.145802004299377586e+03
1.775448196269116124e+03
1.975648674329539062e+03
7.210334287715488699e+02
5.066751467000667617e+03
3.580021833734244865e+03
3.159580014194615615e+03
6.143768327594291350e+02
1.255436466414298735e+02
6.789659555439135147e+03
3.419052774460379169e+03
5.398736254080615254e+03
3.910593306636020770e+03
4.255862385933997757e+03
9.039657062461224996e+03
8.586266431466074209e+03
6.812764449533254663e+01
5.493730457979766470e+03
3.592558053979224951e+03
4.059349655743979383e+03
6.406794408653854589e+03
3.570677752316284113e+03
1.476270716622319696e+03
1.550357301726653532e+02
1.799957849409694006e+02
5.483853393822972066e+03
6.096532942058181106e+03
7.213088759886504704e+03
5.476712428963210044e+01
5.348029730212740105e+03
4.797579898216054062e+03
9.593210237910796423e+03
7.262092033388074697e+02
8.198809586784173007e+03
2.411230463185891949e+03
6.194555598550085051e+03
2.431442616824065681e+03
9.649552768635730899e+03
8.841952692857679722e+03
1.109523560895436049e+03
8.527344576200621304e+02
3.958340332178212975e+03
5.623289325768373601e+03
1.353361191482326831e+03
5.823990076884730115e+03
1.471481749127342255e+03
5.411589540885976248e+02
1.456239014204892328e+03
7.365717164945118384e+03
1.106491731749126984e+03
6.575972438929507916e+03
6.052677978844835707e+03
3.273422205988998940e+03
5.282637666503734181e+03
5.914213180177113145e+02
3.973303803904871529e+03
9.252537609542239807e+03
5.599309412375451757e+03
7.850434898914812948e+03
8.592212055303383750e+03
8.375076252759110503e+03
2.456839635897107655e+03
1.394654632566787996e+03
2.804606603660116434e+03
8.117446495400903359e+02
2.627363626604604633e+03
5.684357217889910316e+03
2.664419529247387800e+03
7.585078326966967325e+03
5.871847135222361430e+03
8.184713476043775700e+03
2.304904814455545420e+03
8.493212908433638404e+02
8.130862521477492010e+03
8.316564235695042271e+02
9.922462567626924283e+03
4.980881438295676162e+03
7.177991349862255447e+03
4.793975726743472478e+03
7.560982904325517666e+03
6.996795009073961410e+03
8.948835546692469507e+03
2.309945300197619872e+03
2.426729668942239641e+03
8.973087149182867506e+03
2.693680389368177202e+03
6.296521327963495423e+03
6.084508118048870529e+03
7.964597454959005518e+03
5.956959611945418146e+03
8.012542979761660717e+02
2.430427694187848829e+03
3.444982644602953769e+03
2.517043956330573110e+03
4.028862418745285140e+03
2.156854061862657090e+03
7.941589630344907164e+03
6.567147498015198153e+02
8.344011494874710479e+03
2.653332053008041385e+03
1.233326933236057812e+03
3.483877300817356172e+03
5.988831371423619203e+03
1.631794978928413002e+03
5.913302457167530520e+03
4.189281653931962865e+03
6.371417985872751160e+03
9.881985722895305457e+01
8.290937676375879164e+03
7.664400668762535133e+03
2.391650795096132242e+03
1.445642857263577596e+01
2.353416983894744590e+03
3.930357172324178009e+03
4.952707302231872745e+03
2.758733037186306774e+03
4.931435040622641708e+01
4.227495879266147313e+03
3.753988364630549313e+03
8.104438992514941731e+01
1.250756657520223143e+03
8.021128973341100391e+03
6.473552473431688668e+03
9.354185473058831121e+03
1.806359958141906191e+03
9.922631101272607339e+03
2.925408659472586805e+03
9.686378253421911495e+02
2.906351793079617437e+03
7.239126077528822861e+03
2.137064386884680516e+03
8.551454522379766786e+03
1.391994766329926733e+03
7.413881737829084159e+03
5.588645100138277485e+03
7.685018028286611980e+02
8.834410623630637929e+03
8.400158843714776594e+03
7.942440548024123927e+03
5.681683283875061534e+03
8.249675041673594933e+02
2.989162238503972731e+03
5.909652601408251940e+03
3.758025004831084971e+03
9.420812095913532175e+03
8.651131859787416033e+03
9.283070435347635794e+03
3.981915828743531165e+03
9.519466482491028728e+03
2.898508056406121341e+03
7.429402019674907933e+03
3.841723573612637210e+03
5.340381373591271768e+03
1.138049926125017237e+03
9.753674741772494599e+03
9.310120166713708386e+03
3.842437812813864639e+03
3.976057924572215143e+03
5.408482481318035752e+03
9.256843940145436136e+03
9.233583362372601187e+03
8.638139108511366430e+03
5.992660891121285204e+03
1.768734435614403083e+03
8.667493416939352755e+03
6.880193982670609330e+03
9.385324563418902471e+03
3.169192649031136284e+02
5.105261796121310908e+03
6.832281622763163114e+02
9.035022004195589034e+03
3.370511958170713569e+03
9.741261334741006067e+03
9.918331029340519308e+03
8.421052792958902501e+03
3.178900453943272623e+03
3.322929974068541469e+03
8.721477809664607776e+03
8.794899374678383538e+03
5.722604275333515034e+03
9.092504029022635223e+03
3.273042501397932483e+03
1.155348802317399475e+02
2.766525563096325186e+03
4.983873811528915212e+03
2.182788603617242643e+03
9.969232954176166459e+03
7.610413364413907402e+03
8.320324661402057245e+03
4.908450372251507360e+03
4.193487387275255060e+03
5.099778291998207351e+03
9.558569075183451105e+02
5.729142910770343406e+03
6.505354081227323150e+03
6.861786700066816593e+03
9.042439110551109479e+03
4.424286690354605525e+03
2.006292880960796992e+03
6.727655166317918884e+03
5.665199822140542892e+03
1.661360872188332678e+03
8.078439304741335945e+03
8.046512638996909118e+03
4.821910511068290361e+03
7.974087928977703086e+03
1.761987902521371325e+03
2.101771774268585887e+03
1.606308505993061999e+03
6.361659463912085812e+03
6.149212438580395428e+03
6.566096875313897726e+03
6.008902581473848841e+03
3.802203852034625129e+02
7.647915195843267611e+03
5.008135111427367519e+03
3.196413974711994797e+03
1.264488764525031229e+03
8.432910241383754055e+02
2.832909748886386296e+03
7.513886992537751212e+03
9.803102408104208735e+03
2.729180917389139267e+03
7.278464212906731518e+03
6.334976549285310284e+03
2.066123991100483181e+03
9.829310437043786806e+03
8.466302880567471220e+03
8.829063253330168664e+03
6.412535416207433627e+03
8.372750326353932905e+03
9.913020139389303949e+03
9.006814265883815096e+03
6.223617385970410396e+03
1.980607256573361155e+03
6.738593381990604939e+03
5.653781241246919308e+03
8.604635211847711616e+03
8.015119202742183916e+03
1.968321774360778136e+02
5.334680942503893675e+03
8.565314638841340638e+03
6.360926869640995392e+03
2.874345662114734296e+03
1.951812363742084244e+02
1.986563160099978404e+03
6.710615734986312418e+03
9.549224550923514471e+03
7.096387871779450506e+03
1.543747642985639459e+03
1.968693638058231045e+03
2.208049677130228702e+03
5.220918390656334850e+03
2.139495794531175761e+03
7.240103926282071370e+03
3.906186335502467500e+03
9.268331795091304230e+03
5.923425712650610876e+03
8.322913950288802880e+03
9.153905125624838774e+02
7.734030006676264748e+03
7.887065340827205546e+03
9.356594657130297492e+03
3.412170266709440966e+03
6.122949139797013231e+03
4.008161461046237036e+03
4.585081274241257233e+03
1.220795710905988699e+03
4.020424429379579578e+03
5.094294738867823980e+03
1.163506166834981968e+03
8.980765831280024940e+03
3.686278029758870616e+03
3.413923282233166212e+00
7.952908953470707274e+03
3.890807577117088272e+02
3.606547701304279599e+03
7.790842224110665484e+03
4.114495687212675534e+02
9.023673576638100712e+03
6.818539446167252208e+03
9.725335937327097781e+03
7.205550367144274787e+03
6.827877393646464043e+03
9.363563835329738140e+03
8.555217275884936612e+01
4.600084274621353870e+03
1.608355575589300543e+03
9.336169304279123025e+03
7.886815767050801696e+03
9.971018377069978669e+03
3.588836422071000470e+03
7.072464164659065318e+03
1.081072788089342112e+03
4.214172915414962517e+03
7.612026863933434470e+03
1.125591671880681588e+03
5.783599923908622259e+03
8.024452943247141548e+02
7.700551712349869149e+02
8.410839886220022890e+03
6.514398691362561294e+03
5.286780909276599232e+03
1.582549747855332498e+03
8.583058718757614770e+03
1.968027722909279191e+03
8.660576983924520391e+03
5.949467104170872517e+03
9.208422466135014474e+03
1.538832653289247673e+03
8.263950778751597682e+03
5.198144474778965559e+03
5.031966823340955671e+03
1.216894174059341367e+03
5.681583503839329751e+03
9.483990990617108764e+03
7.780360709337237495e+03
8.036193529913573911e+03
3.126053476169888654e+03
8.268156469588015170e+03
7.286916329225858135e+03
4.472763886115681089e+03
8.612557304960313559e+03
5.375179510618514541e+03
5.228878899703299794e+03
5.358027356933202100e+03
9.844383984538295408e+03
1.921687541099773171e+03
2.101552370642377809e+03
3.939671538946932742e+03
5.992863548535665359e+03
8.826809272828595567e+03
4.602404564002999905e+03
3.496473685827087138e+03
3.326675582385553298e+03
4.168711678616340350e+02
2.372300975741587081e+03
9.242752001612836921e+02
1.604311873878616780e+03
9.047223050076334403e+03
7.128247631697371617e+03
5.839942641297960108e+03
6.811873096034063565e+03
6.656796895721255169e+03
6.798639608026872338e+03
6.753564810117421075e+03
2.152905592802875617e+03
1.418263982051393441e+03
9.267407558744531343e+03
7.250001219547927576e+03
8.673861562493906604e+03
1.719346667878041671e+03
5.406023806425220755e+03
4.368480838067540049e+02
2.971450381384283446e+03
4.538666957721982271e+02
5.751517799342806939e+03
4.608724047811676428e+03
8.034347025593947365e+03
7.149849031125429065e+03
2.126645735795072596e+03
6.248380384115745073e+03
7.824789541498260405e+03
4.432846497557084149e+03
1.092527645056587971e+03
1.018416339030770018e+03
2.184534207468527256e+03
9.841935456623397840e+03
3.502689776445120060e+03
3.592304192134877667e+03
5.234508211415852202e+03
5.289581570147357525e+03
6.794537196981751549e+03
4.193412618735171236e+03
2.693783583837599963e+03
6.005175342062571872e+03
4.616967739029500081e+03
5.029344215111568701e+03
8.234616940281321149e+03
8.940659256768591149e+03
1.533245856401314541e+03
9.083537973519903971e+03
4.805969646304121852e+03
3.101305627987292155e+03
9.446050955728234840e+03
9.834732163039921943e+03
7.463725882191283745e+03
8.410930151764036054e+03
5.760349496013695898e+03
8.667182091592909273e+03
5.245209942935680374e+03
2.326215014187300312e+03
3.849813326619755003e+02
8.312707361004044287e+03
6.599561622784361134e+03
8.369883698418863787e+03
1.210830366875637310e+03
5.104607547302613057e+03
1.351385486189139783e+03
9.298419447768577811e+03
8.774032991185678839e+03
4.775145852811200712e+03
9.600814603675071339e+03
9.881548051592350021e+03
3.900897265391627570e+03
3.916849940125123794e+03
5.728742550141261745e+03
6.460151705874250183e+03
6.779600611823890176e+03
6.650066746233407684e+03
5.259727774471613884e+03
9.797977729697573523e+03
8.623393785027583363e+02
2.441810977150614690e+03
5.459972915593305515e+03
4.074768587441785257e+03
1.324437495291692358e+03
6.593436134466505791e+03
8.964479401573393261e+03
1.532367855285637461e+03
5.237985939602434883e+03
6.795167060066317390e+03
1.653192420189123823e+03
1.040157251356682053e+02
3.667923986805067671e+03
6.127243837997575611e+02
4.123466188985325971e+03
9.858574364151267218e+03
9.838653600479776287e+03
5.764473530220410794e+03
4.734617558250991351e+03
8.731295739547950916e+02
1.924117436019484330e+03
3.333013741249409122e+03
4.514927319814150906e+03
3.122653154402195469e+03
9.012356073305576501e+03
4.066670136403295601e+03
8.555110488382450058e+03
4.962340574383189960e+03
6.820722760488994936e+03
4.812975977623221979e+01
1.410532055811876035e+03
4.092655004198583811e+03
6.606508531177873010e+03
6.212072687667807259e+03
2.900850033584452376e+03
4.267761414035600865e+03
8.435883750298742598e+03
6.726903708234501210e+03
8.063498260271057006e+03
2.312285167186566468e+03
4.946398372452029434e+03
3.256023563338800614e+03
8.393522609983454458e+03
9.529010527499316595e+03
7.747707522299510856e+03
7.413877058944981400e+03
6.179392373744572978e+03
9.329394245862575190e+03
3.881196373596947524e+03
5.235009714457059999e+03
2.353936808554163690e+03
1.294899470894082697e+03
5.184559024054953625e+03
6.476420024984888187e+03
5.330255029673075114e+03
2.204906795107286598e+03
8.656325651216041024e+02
4.361079446271926827e+03
7.339716772503321408e+03
7.091727503099201385e+03
8.914218785502031096e+03
3.004291661691858735e+03
3.827434975810273954e+03
3.835528381479636209e+03
8.833198259453110950e+03
8.303365926038786711e+03
9.520581826480301970e+03
9.997816299942889600e+03
2.246305942978943222e+03
1.313211038873070947e+03
5.089497294950438118e+03
5.007344462291661330e+03
7.283794121578631348e+03
9.074128527700719133e+03
3.159373782825874514e+03
3.501921687799293977e+03
4.558167897998456283e+03
5.706217544695642573e+03
3.000465334097378673e+03
3.273171196213467056e+02
7.427971302841213401e+03
6.624479838382021626e+03
2.837683893519962567e+03
5.215041008138659890e+03
5.688155664025739497e+03
7.315057210451572246e+03
7.368113193450689323e+03
8.035283078951197240e+03
8.866181002735916991e+03
1.096961239343909938e+03
2.250269248987165156e+03
5.480354880419348774e+03
2.100517317416522019e+03
5.287105641879767973e+03
9.020486033918929024e+03
6.729184221578146207e+03
6.707668425742070212e+03
4.100093839411714725e+03
9.790048815101122273e+02
5.038443462214839201e+03
5.288311547648864689e+03
9.337198479334518197e+03
9.186477199437129457e+03
9.057435320672639136e+03
3.945230892152207616e+03
5.796072604067487191e+03
2.105442372272142620e+03
7.546257747091641249e+03
3.990422744340882673e+03
7.258690031581447329e+03
5.839509395001624625e+02
8.276283708842232954e+03
6.636191419740739548e+03
4.059114449094317479e+03
6.407568014192761439e+03
6.101464046738607976e+03
7.441885144278298867e+03
5.548146389115390775e+02
2.766451894751919554e+03
3.269124168722162267e+03
9.635522347127367539e+03
5.935630823028030136e+03
6.223265527358374129e+03
7.397090532572365191e+03
3.710813426889544644e+02
8.964800346643723969e+03
6.644860740865679873e+03
6.738259303508175435e+03
5.185256370999833962e+03
7.914439579021895952e+03
7.110696826945401199e+02
2.784754449156682313e+03
2.039547923817515994e+03
5.111588210184859236e+03
6.600142511682945042e+03
6.864293732739793086e+03
8.522184131522064490e+03
1.414893014378474447e+02
3.245035834822876041e+03
8.457684102504343173e+03
2.024690279496354322e+02
6.541457771525729186e+03
2.881653991366662467e+03
3.682737792203946810e+03
1.886793670498380777e+02
3.364946353904064836e+03
4.460746616327656739e+03
6.827829898525256795e+03
8.627383477597302772e+03
2.329490186978958718e+03
3.449492185525699824e+03
7.334254780893867974e+03
2.025153309715076603e+03
8.333965238241225961e+03
8.028924374424153029e+03
4.363461079194536069e+03
9.845152624775191725e+03
9.612953661007955816e+03
7.589921633765896331e+03
8.298937908383028116e+03
