6.807026463787576631e+01
4.324175769870669228e+01
5.959218474664977805e+01
2.875099856271933163e+01
4.896064569651375820e+01
4.470132902797050178e+01
6.305273528434835129e+01
2.475227329594508063e+01
6.094602737613355004e+01
6.680248482948999822e+01
4.736793567153343076e+01
8.933338459105168283e+01
5.883276639350059156e+01
8.565582955346226868e+01
5.487049439105584625e-01
3.197751983566363876e+01
3.382501818354714196e+00
4.397582091398840376e+00
1.334747992162182229e+01
4.772874670958643151e+01
7.970837665169199227e+01
4.353559114670212438e+01
3.481343702146619279e+01
2.602755440936329379e+01
8.028156880916789362e+01
6.522928769176191111e+01
1.871237076297390800e+01
5.378030349029373269e+01
2.740030251602903277e+01
4.848053110737836136e+01
4.987019809637597234e+01
6.981114718277710551e+01
2.634982869984958853e+01
8.661386908448912436e+01
6.180618572377019149e+01
3.564425517032032076e+01
5.306358588416158995e+01
3.876894352132300980e+01
2.800936215025773279e+01
2.572541933065586317e-01
6.272401856940375886e+00
2.512966646205289223e+01
3.773167222447178659e+01
1.409132312065941584e+01
7.699390821847093491e+01
1.278909675460390005e+01
1.414818736610499172e+01
1.882081771603900222e+01
9.733954682203624031e+00
7.107801157520701452e+01
5.864895310902097236e+01
1.345003394500373162e+01
1.700163072150904497e+01
4.151605184567802098e+01
7.371273456675261571e+00
2.502259126896790065e+01
3.245492222138828708e+01
4.917531106533488128e+01
5.533159821952992985e+01
7.793229174497039935e+01
6.766175810817793490e+01
5.452160623788549287e+01
2.904404356771511075e+01
2.525705444324621851e+01
5.356806147994901579e+01
8.422128334232475311e+01
7.505523662004121377e+01
3.231429445427203007e+01
6.085288942691359182e+01
3.198069947422707315e+01
6.798698122039301950e+01
6.972071724130218229e+01
4.523611186806517992e+01
8.989503650663809964e+00
6.899839099226524297e+01
5.858406831746565047e+01
5.425050331682319893e+01
7.265930352926044122e+01
7.893007011684233021e+01
6.947297175776937195e+01
5.867834371719212783e+01
3.746828444529413815e+01
4.384003333939009650e+01
2.641491499967442991e+01
7.193081464148045256e+01
5.115202011598955778e+01
2.631498245831938476e+01
4.672878064058429715e+01
5.679423734564061022e+01
3.728430859078130055e+01
5.816332507154521991e+00
4.897944807129079692e+01
1.606394359383259740e+01
8.048396364080437593e+01
3.388840595732916938e+01
7.430188663553956019e+01
1.179635866099764119e+00
4.964424617254974237e+01
3.923562458188066415e+01
3.917706321727663266e+01
6.171542831186380340e+01
1.132291282982346203e+01
1.993759704382801345e+01
2.124066764398363816e+01
8.407268346711890672e+01
7.282185824474022695e+01
6.023377846233038468e+01
6.459040965189262806e+01
4.643983408775397947e+01
5.771410605079154266e+00
1.984190872344652590e+01
8.472578833648931607e+01
4.542835173028243645e+01
5.280816125538001415e+01
2.185994024959916615e+01
6.348297759664154682e+01
1.066416311513720494e+01
2.956545143304570544e+01
5.125611766145713233e+00
5.748366741763372545e+01
2.054277528147639131e+01
1.639119184273950225e+01
8.038388582592409648e+01
1.073498123539900995e+01
8.058548392844853936e+01
2.579989783020982941e+01
4.698088491529105681e+01
6.309474325692980301e+01
2.826179023608474949e+01
6.680639581088531997e+01
5.267347704803805186e+01
2.585132083367800604e+01
7.183028087621846680e+01
4.829906096697627760e+01
4.408827116721436568e+01
3.426387059822739189e+01
8.620554644494049512e+00
8.679756496252659304e+01
5.641239605787610856e+01
2.211474216481522248e+01
8.654199276065793356e+01
4.422791953897363904e+00
3.307430598314870451e+01
5.005999426896303106e+01
3.196159311267378555e+01
7.415998691887170935e+01
3.007594433017339242e+01
4.380334191169522029e+01
3.838985734997173438e+01
1.990857385755789721e+01
8.668115733091988773e+01
2.350320306810811388e+01
3.623977954347988373e+01
5.233867594646834931e+01
5.271044681588939795e+01
5.036783373222830562e+01
5.769912786016975303e+01
3.715056855207517827e+01
3.758176224533788456e+01
2.762759149952229709e+00
8.635272477962590187e+01
7.428473362813186043e+01
9.980002593089515983e+00
8.921460273245253347e+01
8.275000936150152597e+01
5.822066015932951899e+01
1.594305948079028212e+01
5.679378598770620812e+01
5.723233715577815417e+01
8.976858721411632303e+01
5.235212461883487123e+01
6.861276731998948719e+01
8.218403201945410785e+01
6.993230645372545951e+01
8.164004732856105306e+01
8.469767426008792199e+01
4.390969257802450443e+01
8.630500590082789358e+01
7.750255187129049261e+01
1.545574157187364861e+01
6.332195632121941742e+01
8.451079407614782824e+00
4.957004857840384915e+01
3.931297984425967940e+01
8.075313869971496672e+01
6.383235570527325820e+01
2.888239190311501403e+01
1.711820475770917227e+01
8.955257660396057418e+01
5.459333063861076596e+01
6.178142825507459435e+01
1.785057615339146864e+01
6.080604728089608813e+01
4.465505103996959946e+01
4.234434693841797781e+01
6.809538368890345339e+01
8.809761443421001204e+00
4.083003803316255187e+01
8.548994383581747059e+01
9.454886181392312849e+00
5.307519165726846211e+01
1.266590595162369759e+01
3.661160973761494830e+01
1.298629228085763820e+01
1.280052392733299094e+01
7.426770645026991247e+01
4.027429483342701388e+01
3.398266850871863198e+01
2.981983427553279498e+01
9.786725586457878379e-01
8.462607559309495286e+01
1.441685331306341666e+01
4.617910215579269817e+01
8.013883897307792381e+00
3.968506971971181940e+01
8.823384936202968731e+01
1.281780653308524265e+01
3.828704906459440593e+01
4.955979413413070489e+01
4.376277872529215074e+01
8.291758607294841266e-01
5.046410562367906749e+00
5.000971857383894559e+01
4.936834177282122482e+01
6.697904908160160176e+01
7.480518646179599784e+01
5.640322029012193639e+01
8.172741880112084800e+01
4.274007633488918145e+01
3.383865042928644584e+01
2.314813451085062646e-01
4.948597260596869774e+01
2.679148125606400299e+01
7.108231910983244006e+01
8.158414403323351394e+01
3.054994916891916645e+01
6.220800511132442701e+00
4.352749309752896778e+01
6.076649731370531526e+01
3.377894747251311003e+00
7.534974016068926517e+01
1.316929636324777420e+01
5.442296128454808724e+01
2.230050748049681530e+01
1.874470711069366402e+01
3.881234515982638911e+00
5.104829353208788234e+01
6.303597561092786350e+01
7.286825728304691552e+01
5.189440081405465577e+01
7.288217075434261005e+00
7.600098355142071682e+01
2.552078874341542303e+01
3.458002371672966291e+01
4.234371392292579639e-01
7.204342400923803780e+01
4.807271522952859755e+01
7.524133058189161716e+01
3.175407001451371158e+01
7.417038504436847646e+00
2.844430823396304486e+00
7.329011720335780922e+01
8.184223820798551685e+01
4.707444873356636350e+01
8.185675716400778867e+01
4.651725829073588336e+00
8.825789988091750615e+01
7.450707540275214313e-01
7.783596456018184284e+00
4.746742321159459266e+01
5.459250055314844019e+01
7.906229272211860781e+00
8.805242813623442544e+01
2.790603020072900264e+01
8.134157857248705170e+01
2.251203966091283348e+01
1.568265570351052673e+01
3.767511723507119825e+01
7.259024994574221523e+01
3.044172474287806551e+01
4.547811071294466956e+01
1.522346112725882605e+01
2.752701935053116600e+01
3.251937430639203797e+01
1.838700967806178710e+01
6.709603828547466264e+01
6.380257919865385929e+01
3.874477867832195699e+01
4.170758709110045714e+01
5.916931888704073828e+01
8.638348502003601936e+01
5.483343515079230457e+00
4.614287620683798963e+01
8.426272086193637278e+01
5.596893201505298521e+01
6.232376732097328897e+01
3.740182573459466653e+01
4.748936563579785997e+01
4.447877184556892871e+01
5.773437667409763208e+01
2.456570954873458845e+01
3.582734592244128713e+00
2.390109200071369244e+01
8.372225067324453107e+01
2.783278997643464869e+00
1.994710440895115511e+01
3.790812526468054244e+01
2.893472457251100494e+01
8.670490244248343004e+01
3.253261295445484791e+01
8.981691884312162699e+01
6.227976102351149734e+01
1.025164681395900246e+01
5.786913946249843121e+01
7.106457811627075216e+01
4.511276465029436622e+01
4.027574775912486871e+01
2.210080716615043528e+01
1.155596029572571837e+01
2.725704515674525208e+00
7.475128482460240775e+01
8.464319266887983417e+01
2.200988042931173538e+01
2.077166658534224908e+01
6.027114492750882846e+01
8.184666749951355769e+01
3.886272044201206199e+01
6.360334993984179164e+01
7.627493696189777950e+01
8.893667542810869975e+01
4.027697717181452219e+01
4.112420580321350627e+01
6.129590858234769257e+01
8.773612500379164203e+01
2.048037576679293892e+01
3.565646072532094024e+01
1.177890145651045017e+01
3.700757118008674240e+01
6.170583545612924325e+00
7.785739051483179196e+01
2.550945756069282311e+01
4.967236648782331088e+01
4.283514501664852503e+01
7.034001415849395755e+00
2.821090284821536542e+01
2.796212144514425191e+01
4.845104933312862983e+01
5.559815996197716004e+01
7.768960135656691079e+01
7.593866838898821925e+01
1.014577015175840202e+01
7.966546018726974410e+01
2.689133119637611458e+01
7.873559028675038007e+01
7.470665285566749958e+01
3.436521169167918544e+01
3.914081439827922537e+01
1.339345107736311213e+01
4.722144292416925282e+01
7.055167939205072969e+01
8.558218037224115449e+01
1.909056100588742666e+01
8.148973275801860439e+01
5.915941183151277727e+01
1.802326678642373992e+01
4.452290078780081473e+01
6.256319027187614523e+01
4.984797327434666414e+01
7.831889665746776252e+00
2.095301521542480572e+01
3.109564783493250317e+01
2.386998164378097798e+01
4.678724862737529122e+01
3.749355980288009960e+01
2.140280094551959778e+01
1.213054125538073436e+01
3.842667909437997764e+01
7.854485657401349386e+01
2.266019558177973892e+01
2.742861817768723043e+01
4.103963820011847474e+01
5.095611460052425201e+01
7.188709365722495193e+01
8.361038117195347752e+01
2.969516376949584924e+01
7.121048291305143607e+01
4.684459544303464185e+01
4.832929309268771334e+01
6.540980313673613011e+01
4.440318125875178623e+01
7.044108690946772811e+01
8.233857412546306875e+01
4.811398464667612274e+01
8.247689751047163043e+01
6.036215589294946682e+01
3.143740614822075941e+01
5.043252679560289664e+01
6.727326531180800373e+01
3.710678921997487834e+01
7.224417385057229524e+01
2.211913676873762569e+01
1.004903858974184772e+01
3.725901785283100232e+00
6.603410057762333452e+01
8.342386806332768856e+01
5.948214039869375824e+01
7.927795022118365864e+01
5.620014614063970271e+01
8.077387221001548312e+01
1.116710746220917727e+01
5.298290718761010964e+01
2.809839684834769713e+01
2.780798416177698851e-01
6.604329867772661089e+01
6.840252691199610524e+01
8.991069126296923741e+01
4.904226993640465082e+01
4.350734585596414661e+01
5.950625278940280083e+01
2.237651560003207507e+01
1.024062194562962524e+01
2.598330371371583070e+00
8.301131575753129255e+01
2.327698770571632281e+01
7.387814991983577784e+01
3.264565212274506933e+01
3.677177341139834255e+01
4.829013922002762627e+01
1.525259590431440238e+01
6.745678407723278269e+01
9.584683572085513248e+00
7.345266293343213349e+00
4.150247497591169576e+01
5.350033203061772724e+01
8.140402040251223070e+01
1.266108605476038917e+01
1.723164315390145873e+01
6.885170417449775471e+01
1.273692056944125994e+01
6.946166282901689026e-01
4.778278442141329663e+01
3.128003726162613063e+01
3.698190317186970333e+01
8.904607119840648011e+01
4.366352448750303239e+01
4.440574316400054045e+01
2.240810136356096294e+01
5.263136207485167084e+00
5.716329170997470044e+01
3.824185964265528526e+01
3.894743753752602089e+01
3.181927527321811766e+01
8.214653440201095691e+01
6.542538307128906183e+01
7.414746643651427860e+01
8.322530897432540087e+01
1.098215764893977564e+01
4.751995844362094346e+01
4.743601603335704908e+00
2.747531408155322197e+01
2.760533945748784035e+01
4.216185183386000546e+01
8.014400879381608434e+01
6.577698949672243600e+01
3.383899583526937249e+01
7.696568737442953534e+01
7.138891245778613381e+01
8.575050968763078174e+01
2.489100080057138697e+01
8.141786765060119535e+01
1.266815577329923670e+01
2.079673543804204172e+01
2.161300838409629321e+01
7.319912507855003980e+01
5.909054177008648168e+01
6.611349330205241870e+01
5.397390697248942359e+01
7.250090866270498680e+01
3.173258861660786323e+01
1.292683601137560601e+01
2.789696902370397691e-01
6.263006530968135621e+01
1.455822001534966859e+01
7.105555938942737271e+01
2.161591044408076456e+01
2.955837392087699556e+01
5.235312225486529769e+01
6.162511380951858087e+01
5.999943160036971079e+01
8.648315889816232982e+01
3.288337148677199195e+01
3.282861713490415667e+01
2.550362619850688617e+01
2.964038738976733711e+01
2.203580512550883164e+00
4.151405318195491390e+01
5.838327093475039931e+01
5.695106484260930557e+01
1.361371848003421015e+01
1.163614593614491888e+01
2.499031809673806492e+01
3.126103245549018794e+01
1.590179337677063387e+01
2.973071162077645013e+01
1.505741757566897299e+01
1.011874037252760417e+01
6.233894420619284915e+01
2.495684143240757180e+01
7.344435124342030008e+01
6.400825357664068349e+01
7.966084383807550751e+01
2.279322538430479028e+01
9.587224190032255677e+00
4.143160620392222881e+01
5.435345518006702292e+01
5.305278940050803271e+01
8.363533940090640328e+01
1.099609604527351969e+01
2.365922614080555064e+01
1.751511031684979969e+01
5.817617755939889435e+01
4.056195475019868013e+01
1.799344163700353771e+00
3.840159937697611525e+01
4.239855457747987799e+01
3.981760932497868311e+01
4.465083447954978624e+01
3.596260443913555349e+01
4.915466730057826794e+01
5.292644529880464432e+01
8.389218415059562517e+01
4.904815131180104970e+01
6.434968145077945678e+01
5.649751918779484328e+01
3.566120391083870089e+01
4.183375565506603522e+01
6.861637485062252040e+01
7.458700362170664278e+01
1.902546213571817901e+01
1.318630679886486590e+01
4.494381734501844505e+01
2.035517792309004648e+01
8.418861663352106461e+01
6.254280549332784744e+01
4.622731163309678237e+01
5.768068831754693804e+01
7.500519487280882913e+01
3.191328636451008194e+01
3.638517964626242218e-01
8.865779012408674475e+01
1.521265678897905005e+01
4.141082492223501887e+00
8.478337048740127102e+01
4.024609460585318033e+01
2.721602475074643124e+01
3.406290802002699181e+00
7.427488310380120140e+01
7.841989145552771845e+01
5.208783827240829112e+00
4.331110045002106546e+01
2.588480164583137366e+01
1.543368041274918845e+01
3.440502328579584912e+01
1.845487339472879285e+01
1.476741870949295610e+01
5.133382302535313357e+01
4.141386210354136921e+01
2.304278669635690235e+01
7.024115268221373753e+01
2.873794074115338049e+01
3.925398710789547607e+01
4.557925310399589591e+01
2.281064940217670767e+01
5.219202030626883015e+01
7.503619636013395677e+01
2.053797045315908232e-01
1.892414788822449978e+01
3.081433342413728127e+01
3.313613279451954696e+01
3.516759009848500739e+01
5.361124264728346134e+01
1.504665245320325262e+01
6.692796345566263483e+01
2.288936390675246102e+01
5.698049353611079226e+01
7.327167255305415949e+01
7.408625136346110196e+01
8.598147694900303861e+01
4.197273049600226358e+01
7.961153557943795533e+01
2.605945452397331508e+01
6.644536543746923485e+01
8.682847343547916807e+01
5.101863902454249455e+01
7.431890618539338078e+00
7.886756299769683665e+01
8.940907655391180242e+01
1.992471107190757706e+01
7.508116275045340160e+01
7.882655948273895596e+00
4.266829635229609607e+01
8.859950310506469862e+01
4.271636268506978240e+01
6.150469330521815436e+01
3.808679057681205649e+01
8.658912447276568969e+01
7.907895065554090763e+01
6.808377544454707220e+01
2.005320419321113690e+01
3.800796023651945887e+01
5.034522986050157556e+01
6.049378728397711313e+01
3.519771132449285744e+01
5.914254254182671389e+01
8.887618122220006001e+01
3.870509119467089221e+01
7.179538821834161411e+01
7.159521292752535260e+01
7.739816111725930625e+01
7.913552421302188122e+01
7.765806222673940340e+01
8.346464576609331232e+01
7.736145542748323578e+01
3.122753703565437533e+01
6.693529144463786906e+01
6.978734887326253045e+01
1.004495872003962909e+01
5.777437741657787029e+01
3.847348950881637109e+01
6.836215785317754090e+00
5.806792992510387563e+01
5.580617025249023300e+01
3.594305327684200790e+01
4.667059422304062366e+01
2.894714716591439441e+01
1.382965046657430186e+01
2.542342446834878444e+01
4.540661935431373308e+00
8.166866473866399190e+01
6.189158902568782850e+01
5.120571222393144240e+01
2.709348552119454112e+01
2.874724091233041179e+01
3.104209673273778591e+01
4.371380933492518039e+01
1.612042342837435172e+01
8.350990287023049063e+01
1.651856927746086967e+01
1.173052750429638991e+01
6.384947709670557714e+01
8.081213542507597936e+01
1.971641453729539606e+01
4.776918951302140925e+01
8.679965331553469809e+01
7.223990859974331613e+01
3.881311028093143278e+01
1.066943975982036008e+01
2.248278135071677042e+01
5.895538630757262410e+01
6.452713288331349872e+01
2.793961029818338915e+01
5.204148326376466827e+01
7.161563360434321623e+01
2.832089890554450662e+01
2.101975187144325474e+01
4.347480787449883088e+00
8.207861497332991974e+01
5.124781724250670578e+01
4.220747592837772544e+01
6.035443264027658472e+01
1.964814716434867847e+01
4.938204617459538071e+01
2.530400512461237739e+01
1.644992856129254477e+01
1.932825637188421553e+01
3.276154894731324418e+01
1.013638674557667940e+01
5.397331858885926437e+01
3.697643317073099922e+01
3.895070980352025458e+01
4.819945884448576834e+01
6.864651632447328211e+01
5.989600542948970485e+01
2.560780033671048628e+01
8.265453993924366216e+01
5.881165211940759718e+01
8.577493774295056994e+01
3.253066980358966021e+01
2.588598561730539416e+01
5.524769309196692291e+01
7.645824015703190923e+01
8.067682547918465730e+01
6.344239071383709927e+01
5.607622994399854832e+01
7.006722408978712124e+00
6.630289626054656082e+01
1.853518687472825377e+01
4.507699197857272466e+00
8.565716700878942902e+01
8.244136020770729090e+01
1.378462795503324578e+01
4.373498201153792309e+01
1.591742479833119006e+01
2.644852227038658299e+01
5.586613784424021389e+01
7.331799633607759858e+01
4.460270285540813262e+01
8.711165663989990549e+01
1.868538527477843658e+01
4.609128051214472777e+01
4.917875598328530273e+00
1.879195627952239889e+01
8.937040957348720838e+01
7.586975568234861100e+01
3.312818450517573954e+00
1.214637488050381364e+01
3.811622080044043681e+00
5.062464383750929642e+01
6.991222305119073610e+01
2.083598656582383768e+01
3.002922063338246872e+01
5.105893097044219786e+00
3.747525284287240055e+01
7.406886784072464991e+01
4.026055327742009382e+01
2.875999467893139894e+01
8.321720892770258615e+01
1.841356431406327232e+01
6.110455877096408273e+01
8.621049560975926340e+01
5.527098099113817398e+01
2.963447291970934572e+01
3.069939647936018901e+01
7.387998569849342800e+01
3.591304141912446823e+01
8.627253489356259308e+01
3.921247170703303198e+01
3.582607438206692763e+01
2.888774065724809859e+01
3.779838646862305751e+01
7.832945903986181690e+01
1.219174113045287733e+01
3.607875085914642455e+01
3.401878760271195290e+01
2.986541257115045145e+00
3.928908569941715001e+01
7.403241579041652187e+01
7.345182308601297905e+01
5.816129330369175676e+01
2.171512834246064116e+01
5.595041067750763375e+00
2.596345590736777353e+01
7.666061339992269552e+01
5.900515973828482430e+01
8.243912992310512777e+01
3.786946887421721897e+01
1.061545816862091840e+01
8.122657945434650628e+01
8.747805189638444290e+01
4.419440817204400673e+01
2.630678443257724908e+01
5.837494596873147756e+00
1.755236551991817251e+01
3.576242301480860419e+01
5.190560967619384236e-02
5.201542441734060418e+01
8.340052260474749346e+01
6.958093853129101092e+01
6.108658373863401891e+01
7.358287605344430915e+01
2.628043920008599343e+01
7.914831641511574389e+01
4.698088650879113715e+01
1.417395099684346782e+01
8.930620826230229170e+01
8.497756967343499923e+01
2.282725514933962252e+00
5.900628400228116988e+01
4.554990731567881568e+01
4.683580775465710389e+01
8.068803316447913687e+01
6.963126674903151070e+01
1.192121926701680268e+00
7.656511397100342720e+01
6.393358012888023723e+01
1.764668417094339414e-01
9.660605792076837339e-01
6.913826245665566717e+01
8.671058905372504455e+01
1.594997247963745579e+01
1.568486506393298718e+01
1.324520005783667642e+01
6.486493212765961403e+01
3.104949645574011896e+01
5.220955366695582711e+01
4.796069255654433050e+01
3.692246177377965211e+01
3.906457074523305550e+01
7.801452089824319103e+01
4.986378789596619399e+00
3.243127485226592910e+01
2.449188685269586330e+01
6.533674223311197693e+01
4.515367640858382003e+01
8.272882620101742646e+01
4.871257673482965345e+01
8.829760187284597350e+01
8.674390669394600195e+01
6.830177738829158329e+01
1.771194927585527168e+01
7.563777923052134611e+01
2.883302635768602684e+01
3.454547928268459600e+01
6.249061245553735944e+01
8.836284110967122274e+01
1.689794085521166522e+01
2.008042182183782387e+01
4.497146018475345386e+01
8.699690046600819926e+01
1.395131311294314225e+00
7.894067378902700227e+01
4.719710269686009241e+01
3.779583481019636793e+01
1.536820639223192408e+01
3.494426216045829392e+01
3.059710318447112343e+01
3.921808085912702779e+01
5.616480229923021739e+01
3.021283626347365114e+01
8.986511241606652334e+01
7.256073820271721786e+01
6.268737483921560028e+01
7.297481636276063455e+01
2.140866501711249725e+01
3.924863913973146623e+01
1.257830502312882182e+00
7.637490588643888145e+01
8.384924988535543378e+01
2.898900095735876548e+01
7.024067213400788035e+01
6.743118113292692328e+01
3.358495065343917219e+01
5.677637232846882398e+01
7.610219001584471243e+01
7.809273767799489008e+01
6.575784886475962310e+01
4.063284219575388079e+01
7.078776105199320057e+01
1.697946139762722684e+00
1.903710102030533591e+01
8.788765373617501986e-01
3.759718268281710607e+01
4.469590532297200269e+01
7.008825337014698675e+00
5.524777214224518929e+01
4.267766750920024066e+01
1.556498330696849308e+01
1.216578387553622065e+01
4.131864615412839470e+01
1.661320373571191311e+01
3.854517864232700219e+01
8.738650088962799600e+01
1.443132729831575567e+01
3.060523992296025853e+01
6.502320604165035434e+01
1.103729132758811637e+01
1.002401697667668579e+01
7.279753566194479220e+00
6.224130233970041814e+01
5.057824227916332660e+01
3.689611082661217267e+01
3.298288421498045864e+01
1.044400334396881647e+01
1.503462283022160761e+01
1.205639253732468941e+00
3.820782523017929577e+01
4.070736939174044977e+01
4.727321698768948011e+01
8.936989322007113401e+01
3.717163219292571874e+00
6.438544588526463031e+01
8.277593826212283545e+01
2.911785811247402123e+01
7.847893315274710346e+01
2.187568404949335132e+01
2.129613644475342227e+01
1.301776560539391703e+01
8.421064228086819980e+00
2.945952652499481061e+01
8.532893974579781116e+01
4.476115958370662185e+01
5.122009086932709465e+01
7.276230184202880480e+01
6.320172209336461577e+01
7.702792138949460821e+01
5.128971916769951633e+01
8.511381869588467453e+01
8.179622276288755245e+01
7.565029451212538447e+01
8.160350958591769199e+01
6.015119131969969146e+01
3.661882532555866732e+01
6.913792333948812541e+01
4.066601581732700055e+01
4.354028575276367974e+01
2.084912092957595675e+01
2.257340057505448527e+01
8.214047846504807637e+01
2.075218160358949504e+01
5.830907126746981817e+01
4.966570236353182111e+01
6.715667567151404782e+00
3.731546688833974201e+01
2.775447447608011231e+01
6.008766179849145317e+01
7.242725629058260495e+01
2.696506267346357433e+01
3.995330798106650860e+01
3.874139761849044561e+01
7.207006188358896281e+01
2.247487796046565833e+01
6.753959174460702286e+01
5.014906000363667005e+01
8.118404850616306234e+00
6.245304137447616455e+01
2.776012891046356046e+01
7.513860958680814406e+01
5.428881648728140163e+01
3.605269630110173296e+01
4.427770669504786838e+01
6.258704979754898545e+01
7.708274757091625240e+00
9.209101768508418218e+00
7.820333051136611147e+00
7.779246332897189120e+01
3.498852544213060245e+00
3.113607809628737755e+01
8.052019377786429288e+01
7.997223218201874317e+00
3.833408106155616224e+01
4.116647364304269274e+01
3.316384606346522901e+01
3.680535365458909070e+01
7.263078820683408310e+01
5.384803272482837144e+01
7.077437791473131767e+01
4.894327527666913369e+01
6.684513478852588264e+01
5.357368847555501468e+00
5.928493002812190582e+01
8.944101627156760514e+01
8.653760886931014085e+00
4.028050043949431824e+01
4.944575377045579501e+01
2.765763710702159273e+01
8.526064002672067943e+01
6.209592039765373528e+01
2.415613232458561654e+01
3.898701421089052843e+01
3.627213624557073857e+00
3.989094838958297373e+01
4.185220575876985549e+01
1.280219866873782664e+01
2.624002870475550253e+01
8.029177849013208856e+01
7.721698013271537775e+01
4.937064941457057898e+01
6.279504869145143431e+01
5.286779741416865619e+01
3.877325401933898519e+01
3.557086928310800999e+01
4.999150657728029756e+01
5.114850945882825073e+01
4.603467970676358334e+01
5.728624419206924756e+01
4.258954439515028945e+00
2.084279729771748535e+01
7.813741251957661405e+01
1.729343150327606082e+01
7.916038141397983452e+01
5.451592938285234169e+01
2.303254886363334109e+01
4.819837073312161380e+00
4.887454294490824225e+01
5.198410342443493448e+01
6.033865245723988124e+01
7.085592260892772742e+01
4.732255758429062098e+01
2.906958772813488068e+01
8.834072799541212362e+01
7.990670108745718814e+00
2.984211374025529295e+01
7.653731169189211414e+01
5.352179237343689522e+01
5.456214362517128080e+01
2.638171592422255074e+01
4.713652169064202724e+01
4.581221919109373886e+01
8.107332842393485350e+01
4.604152381439023145e+01
5.435242747600885593e+01
3.147933085170933865e+01
5.581772715196814261e+01
6.058735079737594020e+01
6.868593827244154681e+01
3.205261032215314287e+01
1.236638725818492723e+01
6.648905572848865297e+00
7.742560684865252085e+01
3.708378716773457739e+01
1.083132386666303049e+01
7.241213233632170443e+01
3.474525896430606053e+01
3.929383447548983277e+00
4.422592528485969865e+01
8.177584213565528160e+01
2.490960216630683277e+01
2.676379913176450032e+01
6.250590655332391066e+01
8.141323987868707945e+01
1.460994599800404536e+01
7.430404647248187189e+01
3.000016482104582494e+01
4.167548675495577726e+00
