2.230377003624147036e+01
5.281514316394250841e+01
5.193811462781064137e+01
8.467155962131987224e+01
3.029247604590620035e+00
8.166951089424657084e+00
2.945150412900373382e+00
6.847216288145027363e+01
8.160141342413874099e+01
6.292241837022135087e+01
8.491190588839853604e+01
5.957077181413172440e+01
2.690047753164252597e+01
5.726190323617165490e+01
5.988719222313334001e+01
6.927315124640686861e+01
5.496921335670363362e+01
4.252615685959117542e+01
7.155142708887740355e+01
8.406151920092287355e+01
7.684795089063293005e+01
3.891873533648714556e+01
5.056186220051063884e+01
2.429257233631210156e+01
4.697124928096425123e+01
6.369940684078490989e+01
7.267795876462268723e+01
5.023663740060775496e+01
1.046006744275904765e+01
1.001265840158229636e+01
6.566854137145418235e+01
3.640574777710494203e+01
2.443648077621196535e+01
3.808980717133649829e+00
4.713235394255365662e+01
5.330901390269320217e+01
6.142734647938603132e+01
2.187883516655415406e+01
1.049750238269993297e+01
5.973650862740726808e+01
8.658839980788071955e+01
4.487893678989627233e+01
2.111184912414848824e+01
5.707252488178473726e+01
2.176287118490068906e+01
6.152013324332327926e+01
6.802041881275044943e+00
2.818375084670772779e+01
1.457223152580752590e+01
4.315483623533568647e+01
6.179477064529606878e+01
5.576609363221022164e+01
8.043291423226928316e+01
6.849810235772800127e+01
5.944829080740885274e+01
1.879068314019728803e+01
8.054760757129095339e+01
4.133143489230398160e+01
6.921053944570219585e+01
6.430037402653776724e+01
7.292375882396362385e+01
7.047093802435750831e+01
3.814982320690640449e+01
1.712407643182618244e+01
2.115336360903508961e+01
1.478196854643559455e+01
6.241118458159320426e+01
5.295023240057508929e+01
6.753499994052261002e+01
2.270571466282656203e+01
1.145503591057386927e+01
1.405927526108758130e+01
3.995883524206980297e+01
8.160630558771147491e+01
4.590476902838599926e+01
7.450157709096816916e+01
5.087360950734644227e+00
8.712201867283746992e+01
2.833424479606935620e+01
3.628089989082675260e+01
2.850884348184527184e+01
7.340447290265775848e+01
8.027246149693239374e+01
5.693555385515170997e+01
8.227424556969465641e+01
2.192645832250150750e+00
6.380279941765946461e+01
3.787517452864157264e+01
3.496955873596851205e+01
8.556062987700286726e+01
1.487883764095551520e+01
8.568691069264127691e+01
6.785987136687097632e+00
3.155884510489586958e+00
4.262868458966033813e+01
2.617951272665067819e+01
9.541673776911759219e+00
4.836801790285472080e+00
2.455436205468016198e+01
8.238990314546005322e+01
2.050376235786317380e+01
3.039068133606558675e+01
1.388758460025647246e+01
3.525737072114654325e+01
4.667853872311455987e-01
5.951899720123478232e+01
7.801942988618013430e+01
1.242964629927855569e+01
8.334342697542436440e+01
2.568379424737521788e+01
7.959975159683443735e+01
4.618115783178019029e+01
6.978451683434951747e+01
3.690316038248691655e+01
6.609935800710265141e+01
3.405815400922818270e+01
6.054860783433640137e+01
2.967270074103702981e+01
1.989070440803870632e+00
6.351790118780688488e+01
3.627502279705698385e+01
5.635160410774292927e+01
8.238795199897215582e+01
3.184303395501564538e+01
5.301602024705724858e+01
5.049427196087430048e+01
1.668969567898409068e+01
7.882221255996989839e+01
6.641481720826496371e+01
3.363020298733240310e+01
1.066543473621882754e+01
2.550361317751507428e+00
6.707699490327813763e+00
1.613665241078927792e+01
8.310581801597983542e+00
4.961790972833226476e+01
4.335093666101451504e+01
8.189421283241098592e+01
3.856006616534723719e+01
2.653962944595086526e+00
1.178676561133348599e+01
1.659422711713390797e+01
6.374385688719434029e+01
5.749015640144853023e+01
6.560635217205600611e+01
6.892571905158051493e+01
7.985704508400158375e+01
6.505635428879408266e+01
2.803575753176476582e+01
8.504633276428793920e+01
1.157101326477854997e+01
5.334385310432109861e+01
2.106774109047751153e+01
3.163006641358907700e+01
4.242484521662310470e+01
3.049076147520073121e+01
7.851068974846387505e+01
7.889641108617603038e+01
1.454968201051719134e+01
4.830676285730405084e+01
4.293169886542114000e+01
8.609809338534938661e+01
4.672009987887479809e+01
7.183637946209870506e+01
1.432612347696228206e+01
5.836114308789506566e+01
2.818386358580635687e+01
5.576687017389796353e+01
7.604980094264789159e+01
1.974385514017012966e+01
4.525165789252484672e+01
1.209190684735873944e+01
7.187842131563232329e+01
7.503394966356147222e+01
8.850086266346495734e+01
5.591475106605658141e+01
4.607014112120479865e+01
3.482972513476690324e+01
5.921081317422711976e+01
1.154496698923317410e+01
5.263526705720714460e+00
7.395898162967620237e+01
5.867696282009655562e+01
7.298986378047898427e+01
3.614511113502399553e+01
5.385365975983675924e+01
4.561281759967484817e+01
2.601598007723188744e+01
7.162001470112839741e+01
9.532794178998969414e+00
3.819410535929638684e+01
2.750431418278921569e+00
1.158680662360986879e+00
3.461019839033517087e+01
2.394619304498182188e+01
8.079375947998003937e+01
3.602463584995971502e+01
8.745751262574366081e+01
2.584127557079720638e+00
8.160793038008505107e+01
4.207306312441333773e+01
1.225789058330345505e+01
8.910912639694005932e+00
8.426542324701502196e+01
5.903468542144304365e+01
6.257067364405077825e-01
3.060472326943212806e+01
6.917043674305389800e+01
5.703143316923398487e+01
5.307050310232888535e+01
2.003395231135262300e+00
4.220798355840954308e+00
6.816868247153101379e+01
3.850910891437806782e+01
8.770515182390714415e+01
1.075005325467889783e+01
3.084230328043480895e+01
7.538245203260186145e+01
1.395608549760465777e+01
4.437629098601757960e+01
8.215007951806613917e+00
8.275468720635413433e+01
4.861283834170121310e+01
2.357527292759056436e+01
2.920369689719063189e+01
8.517928444912141117e+01
2.686273583985496671e+01
2.681308699101808912e+00
5.649897876128235019e+00
8.115180747207428169e+01
7.037444755905193006e+01
7.266861570129894687e+01
3.557433403925589488e+01
5.572984246932252006e+01
7.764086540908687084e+01
4.056371352945646436e+00
4.915107479957529790e+01
6.732706561058220984e+01
1.724812436252402392e+01
6.678010757056172508e+01
9.993018737849490574e-01
6.358048585061534652e+01
4.991321658741108536e+01
6.961014185777452568e+00
2.885047017827070093e+01
2.871771084031540155e+01
2.303461310779951177e+01
7.463195143904931683e+01
5.370212447714675363e+01
3.731378508028991625e+00
4.842419868618172529e+01
8.067607068962550443e+01
5.586422950468949011e+01
2.021837216715390184e+01
2.583018977477087219e+01
6.683206229732982706e+01
2.271160421197481583e+01
8.271528556439810131e+01
8.894714164826449831e+00
8.948445314818967233e+01
8.603606158888781863e+01
6.404172263747163640e+01
1.783719161467538328e+01
8.931326795618547010e+01
8.127894973926375144e+01
6.970684337851199075e+01
7.881828520051056941e+00
1.891379301652413147e+01
7.161122963873779668e+01
5.904236246367962337e+01
1.868168202374248210e+01
8.443666561763583900e+01
7.594292412089315292e+01
7.800429609585910384e+01
2.088566242868536804e+01
2.455162994586156344e+01
1.027964210108479604e+00
2.549563864357095255e+01
3.166465694739342851e+01
6.036597655059463108e+01
8.995965197366308530e+01
2.671841953220255306e+00
7.136586040236667827e+01
3.969722666066528660e+01
1.351472244477386830e+01
8.084523360295268901e+01
6.824312243138909650e+01
6.194082361141418858e+01
8.619392683414262990e+01
5.237472086050122044e+01
6.127176218261602969e+01
4.913432406228179161e+01
4.949952963420096097e+01
7.428486606241477830e+01
5.942808478806058048e+01
7.060009352242710179e+01
8.808851314962662116e+01
7.185019981753355012e+01
8.554438625747451397e+01
8.094833712450096641e+01
8.122672299926581019e-01
5.400555194680041637e+01
1.643124568962657239e+00
4.966904940717095940e+01
4.403027465389773454e+01
2.189064169863009468e+01
2.878458177104393911e+01
6.300866318714492564e+01
8.418778833961235364e+01
3.097972039075969874e+01
4.632019399292126849e+01
1.949276344034841912e+01
4.029590309070817966e+01
4.404179160684054040e+01
1.074048435814684765e+01
1.913280836704144150e+01
6.588997099354489251e+01
2.698899113544421269e+01
1.978710836314832733e+01
2.965923663852730030e+01
6.820355883578682210e+01
1.923056228322818839e+01
3.703848480980854418e+01
8.124228808731180607e+01
7.011895685659705180e+01
8.404724706057997707e+01
8.462698193865519158e+01
7.270983751646829418e+00
7.797271865395207158e+01
1.475117424707645242e+01
8.798551686905601343e+01
2.913917491591851672e+01
7.718477894136005091e+01
6.793387480222823172e+01
5.370221493617480490e+01
1.349625106955468290e+01
6.509519687509225605e+01
1.879686560944035989e+01
7.381899873191137829e+01
5.894225902177826271e+01
8.114080158223633532e+01
1.022389343801609618e+00
1.908529667913612826e+01
3.100889740539442840e+01
5.906894230905126442e+00
2.709594461010635058e+01
2.362133399660241651e+01
1.104216996628910863e+01
5.209016178631877381e+01
3.058837675990938010e+01
2.758473076088788289e+01
6.513481927611613287e+01
1.975224025034694009e+01
4.174667377709134541e+01
6.414113305259368758e+01
5.306319574092435687e+01
2.848998439152909867e+01
4.021439195398362187e+01
3.569891414711949551e+01
8.763592353550019709e+01
8.523094829506200654e+01
1.780007121141101223e+01
3.315116995202120620e+01
7.405620840161361684e+01
3.399181748523954383e+01
6.596228504876071952e+01
1.501522610024099436e+01
2.738521789183922905e+01
6.781789684855404232e+01
1.409671169292433390e+01
7.583697411189817217e+01
2.866829668050476343e+01
5.534577365967392382e+01
1.206826299208432296e+01
3.340218213006708936e+01
2.038037564892373865e+01
6.749485180081664737e+01
6.750209052705764634e+01
2.070365164534836921e+01
4.515609555849063383e+01
8.438201833193117807e+01
3.621068459805707107e+01
1.016812464493776780e+01
5.823606140002645759e+01
6.686100757066365929e+01
1.650680692883560141e+01
4.402565136644119548e+01
6.722437922480776251e+01
2.470911451842187034e+01
5.891979442401865441e+01
8.787681372619191222e+01
4.270145202087172720e+01
6.343954470101801491e+01
8.275223210858152356e+01
1.393850392700272067e+01
1.742698962491562753e+01
5.807959366392525880e+01
4.330390505182286631e+01
2.545559070115373501e+01
8.536655669773570310e+01
6.397610830056086684e+01
8.590067764197723221e+00
8.005112428166512473e+01
1.815379596774613358e+00
8.457211894457952894e+01
6.833637271027998850e+01
8.842199744678534046e+01
5.898542831863846203e+01
7.632949551147891043e+01
2.198740629424767334e+01
6.541800468991252160e+01
7.785425300906616997e+01
6.288675938284379185e+01
3.491498885515862582e+01
5.542870333037238595e+01
6.010256216700719989e+01
5.254687011542129937e+01
4.470822872501742040e+01
8.478460665671089203e+01
2.320715263143304785e+00
1.079017383290285537e+01
8.650365630140697704e+01
4.775844701433454986e+01
6.974712810363294579e+01
8.254783320172840888e+01
3.240004759825654190e+01
1.789160533249641105e+01
8.422803907115826405e+01
2.709226661465552866e+01
2.002113124334287875e+01
3.779038407148373580e+01
8.905021080300731739e+01
7.403388884700699180e+01
3.238614857713914574e+01
5.674989911405243248e+01
2.244881991995992720e+01
1.379875430181937190e+01
3.016116668828960101e+01
5.553945280957076847e+01
3.446293211393395950e+01
7.188598058616832986e+01
2.878263728020721501e+00
3.247989995327031920e+01
8.102656734946012307e+01
1.941941528175125597e+01
3.011445728261548282e+01
5.525693136763047164e+01
1.520223476808867957e+01
1.875004501837214477e+01
4.078382958979409523e+01
6.296938310257910132e+01
1.353140496922996583e+01
4.955148636885554936e+01
8.350177022171916974e+01
2.835052752351575478e+01
2.537654890156937348e+00
3.552717338514114687e+01
4.983909798237518007e-01
6.681554702431742498e+01
4.859914117503394237e+01
3.495013773571128191e+00
5.223296276202260202e+01
7.757623775331656191e+01
2.521020195045802481e+01
2.590214235405547782e+01
3.614242055602294812e+01
1.791245338321258274e+01
3.636006989967864911e+01
8.177829468804586099e+01
3.497929753501659889e+01
7.513428396402657938e+01
4.786248398053010789e+01
5.440589494628290623e+01
6.754085461043112559e+01
1.204346259423001086e+01
4.959426442041319660e+01
2.808932470335965448e+01
3.261352689937969984e+01
7.126677127944032009e+01
7.689178290272698391e+00
6.506260508336312398e+01
4.772646567356414948e+01
1.837006203440264684e+01
4.213089497566326003e+01
5.883025794083160953e+00
3.999464490870691691e+01
6.628148308902866859e+01
6.813058986085005486e+00
6.994562312998596099e+01
9.625416388631080622e-01
1.685453988866323982e+01
2.520536655675090643e+01
4.330896887530757766e+01
2.412445830025711047e+01
5.145565352670161730e+01
5.829265392415361458e-01
2.512649436912417489e+00
4.881476600081107620e+01
1.193307176618113630e+01
4.447879081518394173e+01
7.331262396848875085e+01
9.251750746065708242e+00
1.495996389239928526e+01
7.044537408460132610e+01
3.692798536205990700e+01
5.085379222881740446e+01
3.924269943033992547e+01
5.249264173443158654e+01
6.563110722865488356e+01
8.236297699027095121e+01
4.840608366510627292e+01
5.847242502045170198e+01
7.864197249630188935e+01
8.618196232174649651e+01
6.490396264552867933e+01
5.161220109701675796e+01
8.562483122845725347e+01
8.060604006642907393e+01
5.858392671229855608e+01
8.315230059067036450e+01
1.265589658060361167e+01
4.713711682882297538e+01
2.491676622292981591e+01
8.434361411835945432e+01
8.435340558941771150e+00
3.336290129757414746e+01
1.212989557786631956e+01
4.816420532022469558e+01
3.004530829052146146e+01
2.711513348326962713e+01
8.827693377445061174e+01
1.802934531605311719e+01
8.835906562809614684e+01
4.538897410624983308e+01
7.346962579425076001e+01
1.729195215953876996e+01
2.000771263105739806e+01
7.617756619471116597e-01
2.446633513382220215e+01
6.735900490066130430e+01
8.777962027553030566e+01
2.315054992730891215e+01
1.889500603014075963e+01
7.932844714932057784e+00
6.344539618772112277e+01
5.913399887466822946e+01
3.867956730449617453e+01
3.174294866704151730e+01
8.733663870940432616e+01
5.728742585583273694e+01
2.002994340341997415e+01
7.210907610713046267e+01
8.104672776972865478e-01
1.045121271526690165e+01
5.586632576907967263e+01
5.318394181794982956e+01
3.452487151724465519e+01
8.872569663947892593e+00
5.449017629458157330e+01
4.518949658921433610e+01
4.527993555817619864e+01
7.147184927314046377e+01
8.436932159257689534e+01
4.969448852481737333e+01
6.559122589997845409e+01
8.600752376721779058e+01
2.381211579357217190e+01
6.245856617636085417e+01
4.028205421803390607e+01
7.326004289095521926e+01
3.840457567828137542e+01
6.404897995271487332e+01
6.535709859197419291e+01
3.979092681844682744e+01
7.733262618029037583e+01
2.193682768227430913e+01
1.801081377331043853e+01
5.767880228229042672e+01
2.705211410002969785e+01
6.811431408932918430e+01
8.449907480834318108e+01
3.841428463546209571e+01
8.999941620125483155e+01
5.131534146093628124e+01
3.311386492648233570e+01
8.628993470366874874e+01
7.212275452673196696e+01
2.422507587718406796e+00
5.222064107962754775e+01
3.977811215908412379e+01
7.448606678078117227e+01
8.422635346532844380e+01
6.620457804644868816e+01
7.203451909617619719e+01
3.625696367911792350e+01
8.981030991073055247e+01
5.733483502294362921e+01
2.286645305207920131e+01
7.635883081821283724e+01
2.428937122855031916e+01
2.063795405955826112e+01
6.002389105048312246e+01
7.135747419671456271e+01
7.151303089053104145e+01
2.206756354397852249e+01
2.201400930056740890e+01
2.053570252648190575e+01
1.406593060411830187e+01
3.635297073824883540e+01
6.468103240902914308e+01
4.126579588282639577e+01
2.305939218875775687e+00
4.936719942170963549e+01
6.117277589533433257e+01
3.377871476442368248e+01
1.889601114853978192e+00
6.758900830854800290e+01
4.797375234208362116e+01
1.268680397975181862e+01
2.784862328199061210e+01
7.332119486169619904e+01
2.268328511218223298e+01
7.240125024500117945e+01
6.499253523791288956e+01
5.095483983961339192e+01
4.025102550578482408e+01
2.556897983295566590e+01
4.757534611136637892e+01
3.705889409627501863e+01
9.411841055647839127e+00
1.672442329127129312e+01
2.764319792080526383e+01
4.329850297409959126e+01
1.833889086827795012e+01
6.184130468862512942e+01
7.468290401243324084e+01
8.654026975473850314e+01
4.515878620291884715e+01
4.990739608146739670e+01
8.414521495970834053e+01
2.588167891892192785e+01
4.539262645835452048e+01
4.804959770067439706e+01
3.841984509421408944e+01
3.384568515878015660e+01
6.074664588920180464e+00
4.613952691857977584e+01
1.811129639404844838e+01
1.783283258716059905e+01
1.648306622226709095e+01
2.135462980042725434e+01
1.424158386278298138e+01
3.156956022201847389e+01
3.471281529205504768e+01
9.416574270021580872e+00
1.006926817152320464e+00
2.533453010148300066e+01
8.897659691840976848e+01
7.518630509151159913e+01
8.784646656326644631e+01
2.469657884519025970e+01
8.513649920582859920e+01
8.861285197855197282e+01
6.979568603282311301e+01
5.333992525266147311e+01
5.582642688683161225e+01
3.585328943330017637e+01
2.266307774512334916e+01
8.396970857146914113e+01
7.032565040528881184e+01
4.302789472936344595e+01
5.482445498828224117e+01
1.950821196921085843e+01
2.166340420117111520e+01
5.391256432126867537e+01
8.144639582399369715e+01
2.290699751812368490e+01
8.904980155654548923e+00
6.160418669738518815e+01
3.092319505204507024e+01
2.436583950456599013e+01
2.500774327089838778e+01
5.013153508666272273e+01
6.754972016432797943e+01
6.018803460822159934e+01
6.010720188261333163e+01
5.427459522252957669e+01
8.795565246810846816e+01
5.009643541441070624e+01
7.812696459384795844e+01
6.753245122837030578e+01
1.291525820890664278e+01
8.313499775505418654e+01
8.004412191038582591e+01
8.228659784944380817e+01
4.786698273140022053e+01
8.575442504882710182e+01
6.352389304023031968e+01
4.356423976464677850e+01
6.309896398444804788e+01
3.963871153958180571e+01
2.226938504415177889e+01
3.129889302368808046e+01
5.144213982245639194e+00
2.513611142235157914e+01
4.173904517875439524e+01
1.677375670475547764e+01
5.877705303572383144e+01
1.140120810773372639e+01
8.435048802572998738e+01
4.266634103865094829e+01
4.139674777186346688e+01
6.720648674370688980e+01
7.134656912031728382e+01
5.140046230769598878e+01
9.198254645592209400e+00
2.349038589859165427e+01
3.903105290920149173e+01
2.267391289771638441e+01
1.010223256988900076e+01
5.220398548951465933e-01
5.010098656250118410e+01
8.705532490324523565e+01
8.590973058552634711e+01
6.778415616712693748e+01
7.817650254836395618e+01
6.385789337957530165e+01
1.803977119800143081e+00
6.096770757939847840e+01
2.886639989560665853e+01
7.099490781862516542e+01
2.374984893457352797e+01
8.744398674738982891e+01
6.304569184764692125e+01
8.405082840193428240e+01
1.325786799357901202e+01
1.781334499062603527e+01
7.320102211785928237e-01
1.227506058644203435e+01
2.744273306733876439e+01
1.239904424950076667e+01
9.744497982702510441e+00
3.692736540992649452e+01
9.106080779069795739e+00
8.284638317164562693e+01
7.460267086032632733e+01
4.246769839250423928e+01
8.119975479752415026e+01
3.881845560123348804e+01
1.581417141809273375e+01
2.821856998398769889e+01
8.295637478043185808e+01
4.176753366569547765e+00
6.537795699020452389e+01
7.930187190733300895e+01
2.463176016082087116e+01
4.916190991271376731e+01
3.977375157263624317e+01
8.091337541162455693e+01
7.899352779696019411e+01
4.176745010016634296e+01
4.920552279055184641e+01
9.471763922352462117e+00
3.777788669189669690e+01
2.127582234328267674e+01
3.135907615025512385e+01
5.932869611114733743e+01
3.069169790848772550e+01
7.248040641978921883e+01
4.505530296860771244e+01
5.735902493375001399e+01
3.974134093037828830e+00
3.697017097163140420e+01
9.343434175578465783e+00
1.918408616249502785e+01
4.655256187476351926e+01
4.813714779821680168e+01
2.336848233830885491e+01
2.263375105865420167e+01
2.116902505701306936e+01
2.708839629642803359e+01
5.544244129428483348e+01
5.858827141144392670e+01
3.812047612380541572e+00
4.444343090496712279e+01
7.924327664422678197e+01
1.274848842276379557e+01
2.095054608060159751e+00
5.356928255661540561e+01
4.266131975671461163e+01
2.169530995234196524e+01
4.955447299375855863e+01
4.866271222989139744e+01
8.293073917113630955e+01
7.479313399610194324e+01
7.561934410092337089e+01
1.015040141286149833e+00
7.832836736149853607e+01
7.440927564766808189e+01
1.024199825685499299e+01
8.665696838242952538e+01
7.128938714456883474e+01
1.279169081923582851e+01
7.961459680095732949e+01
8.736971930706813794e+01
7.545386828641029808e+01
2.237648735902110531e+01
5.678147844974908054e+01
3.066619494225457743e+01
8.862197967076390626e+01
8.476630887646207668e+01
7.059984008339512229e+01
3.969151302594186248e+00
5.548153647769370878e+01
6.284495879715553457e+01
3.250123121721531305e+01
7.661441431712708550e+01
5.153140420047891013e+01
2.718728047054014496e+00
7.695096584306821796e+01
9.266899012734167940e+00
1.550399235167028156e+00
2.724777399274878675e+01
1.457531554126018136e+01
6.190015884772891219e+00
3.817794862335601636e+01
4.445670694233688636e+01
5.962789462967208465e+00
5.531167243278940049e+01
4.123268103321060352e+01
6.352876338386007404e+01
4.296484586354852553e+01
7.670905133272354703e+01
8.420531731327936598e+01
7.761851316712420612e+01
4.876609143101282484e+01
4.838258539343998876e+01
5.642170816843272263e+01
3.729724325353699044e+01
1.179040646971458717e+00
8.120552184789465855e+01
6.560382069225826740e+01
6.172527459033150876e+01
7.006452878918332772e+01
7.351177440796242024e+01
2.667873460179305667e+01
1.757962999376810842e+01
8.322489647954311920e+01
4.416541585963911132e+01
8.791296996232306071e+01
3.014782826868764332e+01
4.599479558979205507e+01
8.667648308565608772e+01
4.576043056883406734e+01
3.354073505827595003e+00
7.454579767395000545e+01
3.671011808909791796e+01
7.550868657082928337e+01
1.194248915768177710e+01
2.158323289507388409e+01
8.057591586841375886e+01
5.509885938469712130e+01
4.508528344026778711e+01
8.808845511685244389e+01
1.877574688921341561e+01
8.313977372553287637e+01
8.962683241556230485e+01
5.748459205122627225e+01
6.784447596374165812e+01
2.375873011810395496e+01
7.687856456958978413e+01
3.698756135351372620e+01
2.165642918500978809e+01
9.803858419380620859e+00
8.749680354723629705e+01
5.782732919924415427e+01
6.524198679697541081e+01
7.275750424241515191e+01
7.662684350276479961e+01
5.868951085190565209e+01
7.170729230721441638e+01
4.988679537976812384e+01
7.560739329439137180e+00
8.006739935630449168e+01
7.832017520438350200e-01
7.334692972248281251e+01
6.104955596817019625e+01
6.151071516967085984e+01
8.658243915990345840e+01
9.058393246268876098e+00
5.565653527406368539e+01
6.985247153055988178e+01
8.261103828562455931e+01
3.638840616964818864e+00
2.033271331150990591e+01
6.473010331022376818e+01
1.734506858495266002e+01
7.056774133261644977e+01
1.476033067413438715e+01
4.816428814520465096e+01
3.648569227674952486e+01
4.752410357556846776e+01
6.217123800250478638e+01
2.384641968529994926e+01
3.025273655115382354e+01
5.369066617385997375e+01
7.569272395570770584e+01
8.330571857771202460e+00
1.226023982666120204e+01
8.435972450521705923e+01
2.502948541800881088e+01
2.309711105109309415e+01
5.758674383749577430e+01
7.620832347002401974e+00
2.071414499174325030e+01
3.554755823826237560e+00
4.418221980273658644e+00
3.060529590728700455e+01
4.236583459421490261e+01
8.758370159009467670e+01
5.771667281094603652e+01
3.983272483197008995e+01
7.222825975992411429e+01
6.010549570774913519e+01
6.824551603506046149e+01
6.453672397706071706e+01
7.824461271239408688e+01
4.799555093424358176e+01
3.762681182380043765e+01
1.996111560119267025e+01
4.367104156497515532e+01
7.494221530934738951e+01
2.712079418848346890e+01
1.222106593705755984e+01
6.511419793494169994e+01
4.435724800216207342e+01
2.003462606595534012e+01
8.517963787296289979e+01
4.003034476985450851e+01
4.689810683983925976e+00
7.415270930315236342e+01
8.081691014613248569e+01
3.954275365644407714e+01
8.569131993734707464e+01
8.995186170951171789e+01
8.744562331531609800e+01
7.255944353295697624e+01
8.232476714213339619e+01
2.836162822969485120e+01
5.222184827290191578e+01
1.969335400277313042e+01
1.057410346945532176e+01
3.935104655209284630e+01
6.719914911631153132e+01
4.274334814497994728e+01
1.533206081234418372e+00
1.880029582390789145e+01
2.329643834136620484e+01
4.932317640574047601e+01
3.453870089306026614e+01
4.419159537454537201e+01
1.421976115335560920e+01
5.848278470481446334e+00
4.396279322631878017e+01
2.526102934153659163e+01
7.269520866015791682e+01
5.666884609818478680e+01
4.058302789491966678e+01
2.784122000346708248e+01
3.177901538794549552e+01
7.002894935861633030e+01
7.212427765462962270e+01
5.817419718341420065e+01
6.711075484662485735e+01
2.788537911482017506e+01
9.782274128523875234e+00
1.195046164545350464e+01
1.456642502641155623e+01
7.601668428136494526e+01
4.862375374081517521e+01
3.336990107923664794e+01
4.676232919251801690e+01
1.588473379416397435e+00
1.553431792849914572e+01
4.785831419349742077e+01
2.727768585429317838e+01
7.355906150633126117e+01
2.494155838349536580e+00
6.450776935414674540e+01
7.336727934717397659e+01
8.560490244148279970e+00
5.242357552228538964e+01
2.517423372385758995e+01
2.765093401970637288e+01
6.739714498994388236e+01
4.586024626174767604e+01
5.982910424471010913e+01
7.951032376249781919e+01
2.272812631232512359e+01
4.323987071770160640e+01
6.484220522882380067e+01
1.393560752208359332e+01
5.816050446010704178e+01
2.777285124821366225e+01
5.660381189633191212e+01
3.720755542688308282e+01
1.364655928021926634e+01
7.723553004617576789e+01
5.883804787248889312e+01
5.636310565746713763e+01
2.859271634457202005e+00
5.905011821030888086e+01
6.916817645447211760e+01
6.544269415049515715e+01
7.406484740753387541e+01
1.520885742823336528e+01
1.029599805511969812e+01
2.036783597677836610e+01
8.776087017827538261e+01
6.878350471820014889e+01
4.331201907176052401e+01
8.382219235438795124e+01
9.180073580175880821e+00
5.410721467045170385e+01
