7.498307407659901003e+01
6.747537734690909872e+01
7.898618075650712456e+01
2.700777794533798826e+01
4.041843470467306076e+00
7.688676683444752769e+01
6.909842598293813865e+01
4.200186281898988483e+01
3.336719044844696214e+01
9.234826794862815547e+00
2.354569069491006772e+01
5.714707644455253899e+01
4.020826497927748022e+01
2.529179931465658271e+01
5.979441325385724326e+01
7.128783967026745927e+01
8.813433418960753940e+00
2.624158415569259617e+01
2.645407626190393380e+00
5.507018223113714583e+01
3.516185401253382192e+00
3.401775019986482818e+01
7.487326813497227818e+01
8.143707461034018991e+01
1.118583914802802859e+01
7.005581289895127384e+01
6.354392414999267658e+01
2.191716552341067548e+00
1.580265672607441729e+01
8.549738904496953751e+01
8.446927967260036496e+01
3.729117940152909227e+01
4.199535032534312506e+01
9.999799477293125349e-01
2.964703633242150005e+01
1.472327124662106534e+01
4.850297841884630401e+01
4.195668909884839337e+01
5.694919399685903016e+01
6.261980455177886995e+01
4.619524439092917589e+01
7.997399716786132373e+00
3.245797026076409253e+01
5.972944241913531727e+01
2.507360601345988371e+01
8.739541920289113364e+01
2.327829531083130732e+00
1.407937017401452984e+01
2.876852994241552608e+01
4.146548261143503566e+01
5.404187704002131198e+01
1.791388280944848921e+00
8.729824057735497433e+01
3.642886869666759964e+01
8.173868779777140503e+01
3.872648311895189721e+01
1.743566720223447275e+00
4.818851257727104098e+01
1.496753960739714628e+01
4.899556759053669452e+01
5.600717753642556573e+01
2.994609886249724795e+01
4.332092859104129445e+01
7.528053991240903997e+01
4.928211920705463456e+01
6.224319057263737420e+01
7.890472638926324578e+01
7.692542622516097595e+01
4.161866661303536574e+01
3.872302674947066237e+01
7.372338529704165921e+01
5.366701517485211781e+01
4.279380075535701877e+01
4.739156640747780358e+01
1.023971195069899665e+01
9.730676452647111674e+00
6.945594892443618562e+01
8.197594667585808281e+01
4.819060898571550844e+00
4.830373435147058814e+01
3.377543849898317774e+01
8.051611772645810561e+01
7.066665809886114857e+01
4.271276342007183757e+01
3.731279784207553796e+00
1.006756173130586340e+01
3.437914248097028747e+01
8.286940929122131649e+01
8.245725231127147481e+01
5.474229296502851838e+01
8.823513582789829002e+01
2.948291587700013761e-01
2.751470588397360828e+01
7.869158872994755427e+01
2.126822803819926833e+00
4.003804420822728360e+01
8.431340774469818200e+01
6.352927098057700306e+01
1.103313885393563609e+01
2.470096430892511563e+01
1.407015123395461842e+01
8.467590166378649030e+01
3.030430526340446207e+01
2.223578983915381357e+01
7.436852837532009630e+01
6.328938835000023033e+01
5.289655391099483239e+01
3.288087132686900560e+01
5.552538463055182660e+01
8.938669149253891533e+01
1.442535808670342590e+01
3.003637167595294422e+00
3.393512743244716745e+01
7.568226172813230335e+01
8.491526996003166516e+00
2.481646627565559093e-02
1.327509486655059234e+01
7.255564066964065262e+01
7.552462152645486526e+01
5.564917514803803300e+01
3.434089016273573947e+01
4.870929634908778638e+01
6.624585000158772630e+01
7.387050083272531253e+01
5.832088860037897859e+01
4.121931537532231715e+01
4.968598509882485814e+01
6.267004564571364256e+01
5.514434440176838592e+01
5.788436132367749565e+00
5.242536596014348760e+01
3.683778660733814547e+01
5.627686946056267914e+01
8.479927205454154659e+01
8.372466933539234901e+01
1.417239851903908665e+01
5.715880425709499235e+01
2.131149243512459179e+01
4.536017620482295598e+01
6.901341895363914603e+01
1.477512009542609484e+01
8.659580680468813796e+01
1.027931016802759601e+01
1.883824281422072033e+01
6.941709211550994851e+00
5.292860538726851161e+01
8.702562122394232347e+01
8.117800364528339685e+01
8.969268676267880380e+01
8.216043615509936160e+01
5.058832343943117849e+01
3.245658574408503938e+01
3.908687148410864154e+01
6.534472814418217368e+00
4.254190532477942099e+01
1.186632325961381618e+01
1.020825325085818314e+01
5.389946164771897941e+01
2.090140393945470265e+01
2.137443416812359942e+01
5.649214329523613287e+01
2.166067504877639216e+00
1.469359156509368347e+01
3.985203963662042526e+01
1.475550539751861479e+01
1.468216858327091501e+01
7.190273088910807076e+01
3.715994071880114547e+01
6.408279903332704919e+01
4.815350179630334537e+01
7.947036854164909414e+01
2.258175054243479352e+01
1.061234397102795768e+01
7.505788338161771378e+01
8.845974419667746247e+01
1.154806495566626978e+01
8.100980763102835169e+01
7.973285258347701188e+01
1.527673869723703559e+00
5.133749000251545169e+01
1.211066774018838110e+01
8.652403906046924931e+01
3.854108041581486077e+01
7.027114695553549950e+01
3.004724951027314361e+01
8.062031263885985766e+01
5.391031218474631181e+00
2.115156396605184241e+01
8.074059547802218617e+01
3.471206067878688017e+00
1.422056446723878409e+01
3.045786861419221125e+01
6.296177769249096912e+01
1.774750283799644990e+01
3.474375825515235938e+00
2.231874259736714450e+01
4.361589367694327990e+01
7.946502376483532259e+01
4.604946444969793617e+01
5.177499192972830855e+01
5.243798039572313741e+01
7.184477787248232517e+01
1.924129574133203491e+01
8.511104117524189405e+01
8.098664532903970326e+01
4.982129865484935038e+01
3.260052836374298124e+01
4.490974475950579148e+01
5.368508910734865935e+01
8.500168315206009595e+01
4.764455937614351200e+01
8.483995998826875962e+01
6.939158009693230156e+01
2.779592188932343788e+01
1.132014871268694378e+01
4.281053461685252159e+01
3.983138222846565668e+01
2.469134491488960492e+01
8.677153986563659771e+01
4.350043237216960534e+01
4.051778007398984016e+01
2.863784890906669744e+01
3.492742177692932160e+01
2.186184129005705046e+01
4.398153869027464857e+00
2.435192957144326442e+01
9.678804117727986878e+00
3.512038553471577274e+01
2.760171443989232998e+01
6.995611135569396311e+01
9.771001429192457621e+00
2.250664068534883455e+01
8.529444954818504243e+01
5.782578107560905778e+01
6.481082147099068891e+01
9.315751695558322609e+00
6.379253499316903486e+01
1.445517509915694720e+00
3.084015204791180054e+01
6.092318705088571562e+01
6.077483508312312210e+01
9.328536789635169413e+00
2.773617418995051320e+00
1.169912293876986809e+01
8.493811797602131719e+01
9.953744932328648432e+00
7.956197733967765373e+01
6.727709699349632899e+01
4.450879210874381542e+00
4.046306164630760094e+01
8.891366611458246894e+01
5.795612410074046927e+00
7.400004076608087189e+01
6.205602799685570403e+01
4.606743220328657884e+01
1.731435310716888409e+01
5.852753941484764511e+01
1.740192800761458258e+01
7.630640698978507430e+01
2.565171456393207450e+01
7.201600145054598556e+01
8.443640267592981274e+01
8.312945361836968061e+01
7.018237577427859719e+01
2.279222633735409342e+00
7.916885505951607627e+01
3.780424964507793817e+01
2.612672508670787153e+00
6.358287297624715251e+01
6.003129328503275275e+01
3.426707729221666909e+01
4.699439867306122665e+01
3.861878019560762709e+01
8.810021833560652382e+00
5.292964563767725394e+01
7.333878821445743768e+00
1.486569189168266902e+01
6.763731077458762009e+00
2.691361759108908203e+01
4.799319781883806257e+01
6.633763302479599133e+01
6.677786490851123080e-01
8.363782765874468339e+01
6.026718569468490472e+01
5.101337579875754358e+01
2.874461767852103833e+01
8.377057736715192959e+01
8.704100510329723761e+01
4.894640251349688498e+01
7.797877851641299429e+00
6.704975941037102416e+01
1.898582347070623655e+01
6.718291518820480235e+01
1.546984218454987925e+01
7.507470311128584228e+01
5.224352931260420263e+01
4.947455897962532134e+01
2.439121461631474830e+01
3.529285530273106986e+01
6.866706754402227375e+01
7.171918483610132000e+01
5.424480060004005111e+01
3.910548172378491216e+01
5.288428225378128644e+01
3.546172513497994316e+01
7.654817198039565085e+01
3.385180112995291069e+01
4.628453227688507354e+01
7.565698788014994136e+01
2.767777020335778460e+01
7.872138446785986332e+01
5.397325891166566691e+01
7.266620870023166390e+01
5.231080081511453983e+01
3.079295436024480637e+01
1.401497815406966296e+01
3.125414915043598540e+01
8.288481850720749833e+01
6.714891636327615743e+01
6.833049724512476075e+01
5.435319408413389652e+01
8.777706446721603584e+01
9.110242840252105623e+00
7.771412389575988122e+00
2.073123018887229563e+01
1.222087190711772520e+00
5.726495952145066326e+01
1.330613024072544448e+00
1.632128104790067979e+01
1.101969021695063944e+00
4.301889411444991396e+01
8.961931594072686380e+01
4.447744781200950825e+01
8.380761001648171771e+01
2.207325653396623011e+01
4.879206511638908239e+01
3.878870060954968579e+01
4.483100184540720790e+01
1.341120926196255603e+01
5.593036306013301839e+01
7.437325123394700199e+01
1.439359338176559966e+01
3.371562771170701467e+01
3.507163090637155989e+01
7.309042215744132420e+01
2.781167707026405722e+01
3.853521671876998234e+00
5.030568833263167505e+01
6.142327454204231429e+00
5.226791628867751172e+01
3.131670276284941679e+01
1.146952686779458830e+01
8.078169353399333374e+01
4.554209908989110289e+01
7.081479305222663356e+01
5.844666727841384102e+01
7.367402610598725232e+01
4.946582175172394358e+01
7.854571959272229265e+01
4.592685259831226574e+01
4.598114353947751454e+01
5.809275973032409013e+01
4.333232370992597993e+01
8.516574748995147104e+01
1.812386938466413255e+01
5.710003276901806402e+01
8.371646041092272128e+01
1.415873192651566193e+01
2.832302489709380566e+01
1.365389741621319608e+01
3.353711753914686966e+01
4.423478566763682807e+01
8.490068470454593808e+01
2.940540498236434530e+01
6.014510418493567556e+01
1.494949756969076171e+00
2.469520831124346572e+01
2.716869171184272957e+00
3.663446717284267606e+01
5.814720816330133601e+01
4.387527960317880371e+01
4.068197310292132585e+01
2.249283713777218097e+01
5.477967578495496070e+01
5.942180101354727739e+00
7.047165185205638238e+01
4.100482750646911967e+01
3.958149048006821147e+01
3.451022278127322096e+01
3.531132807576356214e+01
5.505849074607237270e+01
6.573625967136666759e+01
8.034704585337293281e+01
7.662921220505049291e+01
6.793726160589341134e+01
6.126377276601797206e+01
2.681713968806294091e+01
1.052324095586660313e+01
5.302050447532643318e+01
6.246046069760948427e+01
6.121165783812710259e+00
4.067245977983287730e+01
2.590052238480035740e+01
5.039056009078192488e+01
3.499325687955980158e+01
4.184085287187378555e+01
6.876193084839569281e+01
3.169691466416270487e+01
1.941568672913733806e+01
5.847627745127259402e+01
1.046971581957293651e+01
4.409952627326696017e+01
2.787405326693248853e+01
7.521654387994200874e+01
5.283347656643739754e+01
6.995418061274260424e+01
6.957363563708685206e+01
7.614810467484306855e+01
3.333224206413903090e+01
6.203390900618055070e+01
1.620542395635611754e+01
8.066711848040256427e+01
3.297883837637478166e+01
8.257076966509701776e+01
3.553542844895410724e+01
1.562377817295882210e+01
6.485917752593724117e+01
7.053050713475371936e+00
5.906373296594649958e+01
2.033977084769882282e+01
6.419609287692598798e+01
1.479637395739450056e+01
3.672956164129538514e+00
6.211437758051980040e+01
6.763247159792571495e+01
3.763565278381817336e+01
1.140811787485415252e+01
6.019530927284937860e+01
2.604256066061983432e+01
1.516699891757623142e+01
7.929498661503318147e+01
2.494029351862971922e+01
5.460021471517118385e+01
8.334781000915991456e+01
5.032874524596621768e+01
3.421555797791033626e+01
2.219450897104322706e+01
6.662084869864472125e+01
1.176382269354471255e+01
4.032107902929760712e+01
8.513646410954697785e+01
3.138865979313442978e+01
3.248901656433740470e+01
6.912519088352543406e+01
7.421398943859554720e+01
6.052984714657225851e+01
7.376279840569277724e+01
7.485903082652603757e+01
7.400187932220748621e+01
7.313839806525471943e+01
3.817072792249462054e+01
2.818733103571355869e+01
7.068371773562321891e+01
3.644096457446401871e+01
5.205816223569978973e+00
4.631088115804320182e+01
3.319701687365472775e+00
2.747573005766776788e+01
8.122547298377205038e+01
3.518450967146559094e+01
7.838942605312912804e+01
6.262213699470297712e+01
3.639319370422560951e+01
6.811479782120059667e+01
5.820994548544538461e+00
1.587255167540627099e+01
6.759894508917285805e+01
5.133674893730547240e+01
7.928348901629753698e+01
6.802031326827692226e+01
7.681051105826166747e+01
4.371795754285991364e+01
3.357909444327911785e+01
1.561650411426395735e+01
3.662581608933240318e+01
3.430965057499022475e+00
2.638309030838388125e+01
8.688945169104596289e+01
1.080902248295702428e+01
6.250831233551056698e+01
7.365790513453644550e+00
4.890263375749685792e+01
5.425801792049791317e+01
3.609046444751088245e+01
5.839562927204668341e+01
7.596016318333131778e+01
3.779337497107337640e+01
6.471585904336029671e+01
5.222313061735154349e+01
3.356736259459718497e+01
5.518652518618117853e+01
8.938900717986646782e+01
3.747186174976017980e+01
7.118778508031181218e+01
2.874875574313618642e+01
4.577873617280602758e+01
3.135500648710734950e+01
3.381560137530957633e+01
8.873015342852471576e+01
8.243574780275729097e+00
6.345194388621480108e+00
7.610047937634570303e+01
8.986570587338111693e+01
5.090455983483224855e+01
8.659439789931170139e+01
6.981071266815436616e+01
3.969846377258439674e+01
3.503270531695996937e+01
6.791424589815342472e+01
5.108571957068067881e+00
5.323090512649920925e+01
8.474279859839950291e+01
2.859494335980090085e+01
8.727303914195118750e+00
2.620498989438880244e+01
1.630899978725905441e+01
3.445893481702533023e+01
3.333572417606754357e+01
7.571898976854271268e+01
8.433814680239896688e+01
4.654477992097118744e+01
1.012235795194524890e+00
6.342320650323065223e+01
3.471602350001602844e+01
2.011587614131171264e+01
6.504945967103483895e+01
8.668894550273745381e+01
4.249414969499225947e+01
3.151187411511423164e+01
8.741453518335266892e+01
6.138397409131785665e+00
4.217640067449288921e+01
1.224490243952139856e+01
2.170551119179943811e+01
7.206116902124563239e+01
7.587587457182398509e+01
8.115478614100062771e+01
8.495937587156646487e+01
1.258726344938382447e+01
2.771390978582839182e+01
4.268953630313367853e+01
2.013727983206567629e+01
6.986259483938570725e+01
2.431025851770323154e+00
7.099868020919640799e+01
2.324651676223712116e+01
8.178583901430729952e+01
2.529452941598831828e+01
5.577668108331689467e+01
8.459104666845895792e+01
6.388856271236528528e+01
1.123013208899255311e+01
8.189922161952009105e+01
6.635215951055621986e+01
8.786855787089423586e+01
8.998671626349963049e+01
5.597536366180643341e+01
4.249516024330329600e+01
7.925121739865262782e+01
6.783562302968119795e+00
1.291911015044147071e+00
1.319927488023167506e+01
1.738061275482949597e+01
5.202631537487333446e+01
6.600779319743027429e+01
8.500738835990141240e+01
3.765634737418457689e+01
1.554674105271337936e+01
7.993854072648107945e+01
3.881903040850564679e+01
5.427387482623778681e+01
5.812826935849010823e+01
2.884919161167186630e+01
8.974363559596467610e+01
6.771228828543547706e+01
4.361042410461750052e+01
6.457852558296340817e+01
3.548712567297685183e+01
4.183561575263084364e+01
8.080857537198103557e+01
4.530215020262891557e+01
7.546380698392085584e-02
2.402826246398549515e+01
8.912776661063840322e+01
2.700581168908125562e+01
4.488143213818199939e+01
4.449745027742514480e+01
3.670652202834819633e+01
7.562683664335176559e+01
3.978372840283590506e+01
6.111248319003465923e+01
4.203477106543939357e+00
3.513713748462638620e+01
4.672031337776605397e-02
2.627561461863835390e+01
8.749588481701206888e+01
7.407262398104987255e+01
2.541566670535287642e+01
1.707003819610189055e+01
5.960786664326415263e+01
4.348744942180889694e+01
6.643501773410061162e+01
7.869938352525780090e+01
4.133092491436759275e+01
5.686450046132662806e+01
6.892219230730397328e+01
4.429606923639600780e+01
8.520040687785900957e+00
7.207659238892482279e+01
2.572466136823467764e+01
1.168464822654829405e+01
8.139056507006966967e+01
6.187806192782802839e+01
2.046867153144764639e+00
2.901737116751415257e+01
7.826197443809849119e+01
7.815862530922974827e+01
8.251001948964020016e+01
8.949318710933312104e+01
6.308821233095341086e+01
5.528820662914327499e+01
6.957876935609853319e+01
8.079220948685731685e+01
1.784078077484539548e+01
3.351686045096822397e+01
8.822344110326879729e+01
2.846952757006245349e+01
1.102917720391482348e+01
7.896990829807386092e+01
2.668538153081746955e+01
7.818918813080547814e+00
1.257871258713061913e+01
6.126758442559995643e+01
4.907477082703351101e+01
2.913203391409072651e+01
6.441789052935605753e+01
4.305498187805866195e+01
5.273686822288812692e+01
2.407774218180708203e+01
4.471692901817566401e+00
4.261997341829599861e+01
2.552675276674684568e+01
4.497554046531173810e+01
8.070503971028768930e+00
7.408541510678028885e+01
5.263546665443149308e+00
4.726111125786238709e+00
1.405568977187185098e+01
6.247624731522967778e+01
3.974322513084435826e+01
3.863999309350254663e+01
9.062806478958849610e+00
5.208216709419548351e+01
5.761133741668450625e+01
5.819437630049191057e+01
3.468042135722047448e+01
6.533983157014230869e+01
1.664389228885042726e+01
7.959016292939389814e+01
4.372947865698968428e+01
8.453858121190890529e+01
1.019634834973803450e+01
4.214435817201705703e+01
3.737177047346564862e+00
5.845452004618295661e+01
1.013220703137758072e+01
7.933948385653410185e+01
8.930362292795065571e+01
5.949866547791545912e+01
4.590548906906612814e+01
4.156294407871961027e+01
4.677480830803504830e+01
6.375842315985961051e+01
7.157985990983224411e+00
4.476452711775523596e+01
8.920804232339580153e+01
7.313041521305565595e+01
4.968209818742470674e+01
4.521953194903894513e+01
6.603015234086406338e+01
8.710508933865888537e+01
5.221509568054981543e+01
6.350725247497357628e+01
5.112537872474567280e+01
1.507527343026496780e+01
5.891571158399855790e+01
1.312769726217383592e+01
1.079078147527379627e+01
6.751370106403207672e+01
4.436825239519259156e+01
3.561540321815719778e+01
1.629333325947647992e+01
5.565262637186005179e+01
1.845374580199253955e+01
3.439370160049023184e+01
5.631499070726003708e+01
6.041476247737679017e+01
6.244866585998264696e+01
8.310044516839467121e+01
7.175123992065796585e+01
1.175181993694070925e+01
1.217592734236146512e+01
5.645478477992538213e-01
3.446225429815256547e+01
8.906801541463710237e+01
2.401480698112073497e+01
6.006969242714858126e+01
8.280617092684529723e+01
1.704349890647647303e+00
1.046181999145037800e+01
6.640943241520673723e+01
1.885064552512571368e+01
4.588736278961162895e+01
1.676638536035368432e+01
1.317092560499991549e+01
6.325803041646185676e+01
4.736246459094544292e+01
1.284406186665888683e+01
7.994528823957027441e+01
7.632214564461843054e+01
8.486085295219871227e+01
6.900078325931551149e+01
3.600931847346221559e+01
5.032684700884910711e+01
6.778244418638145419e+01
3.202287979031205367e+01
4.528806434893710708e+00
7.688339186616309462e+01
4.127224685771546664e-01
1.167365599721289371e+01
5.221052401129864506e+01
6.844931101590904632e+01
6.203304625774232051e+01
6.775260746366349451e+01
5.398525770759730946e+00
4.792202685518104488e+01
7.625611416148493582e+00
1.304777121207347435e+01
2.189657490093084036e+01
7.831790082193870717e+01
5.083724556724328636e+01
6.562126591087532290e+01
4.200623421520695899e+01
8.326428710602432659e+01
4.020284115691850957e+01
5.585767040724951471e+01
3.577407476147759979e+01
8.983560387338179964e+01
7.586570212737294483e+00
2.677633453909198380e+00
4.523192182540219619e+01
7.826330221326486480e+01
7.198242342477867339e+01
8.043680470052987630e+01
7.185976625415892727e+01
2.541846238846540729e+01
8.438376505884384926e+01
3.186294388683210599e+01
2.633005564684007638e+01
4.859025465816534251e+01
2.989838376848012125e+00
6.978180436734102443e+01
1.711236941319200966e+01
1.954604106254977225e+01
5.539419221896672241e+01
3.070899585551940447e+01
5.998090532626333271e+01
1.680358887877740903e+00
4.873307609612325564e+01
2.819177547327089073e+01
8.222879535781643767e+00
8.249265020145813310e+01
5.221379390920233732e+01
8.857366992874831624e+01
1.194552204284818586e+01
2.313619504178401343e+01
8.251524280761880448e+01
6.416444144051733645e+01
4.447962826476716458e+01
6.997575133019087446e+01
6.945961704302690976e+01
4.960370543597704085e+01
4.801451688201245105e+01
6.746104191209673218e+01
3.575622686134204642e+00
7.339524073745907984e+00
4.680703497073580621e+01
4.673875001400601548e+01
5.710766924338314254e+01
4.707804061870589152e+01
2.458046779041264429e+01
8.598295858541213477e+01
3.927639206856861165e+01
2.650680897216921750e+01
6.642170773972837594e+01
8.323493926830654743e+01
6.801385737028934386e+01
6.375077799391277722e+01
8.265535102553678826e+01
8.762317752529068571e+01
3.772930895915671812e+01
3.897266090430684926e+01
5.188083321622099930e+01
7.598069556936393099e+01
2.700244996500191519e+01
1.667828387939721679e+01
5.983225764185014839e+01
4.374624120524758553e+01
4.938603661412278711e+01
7.518196220721701906e+00
2.347439286191105978e+01
4.481358877015424724e+01
3.197009950660699218e+01
3.012322987225515902e+01
9.422718125084312391e+00
6.682297295241239965e+01
1.795921826723925108e+01
2.223853084231537736e+01
6.237621259288491160e+01
7.146897541258384479e+01
8.930165845315890749e+01
7.767777961743952631e+01
1.354231396053030068e+01
5.286229509370114954e+01
1.371118374427751796e+01
4.715358154846991567e+01
2.810265990902498245e+01
8.868780926457412761e+01
7.503783327379147750e+01
4.634290382050218149e+00
5.131042793949384873e+01
1.480273455747179767e+01
8.947624190536988920e+01
3.107614409900111951e+01
7.933559563148172344e+01
4.747098392087040963e+01
1.563936118308416745e+01
8.777432942374056779e+01
3.037688741312734919e+01
5.374445333586164963e+01
8.822376001935847256e+00
2.822004374878271094e+01
5.287848235653949303e+01
4.346140329053295659e+01
8.330458000069704383e+01
5.066966914387605669e+01
1.823978591065437627e+01
6.598732482528880894e+01
4.393019806961943274e+00
8.559933797439548187e+01
8.669943221152234969e+01
6.346700615505467624e+01
2.584823823981097135e+01
1.067467682662616824e+01
1.019869135603368449e-01
1.820564513288924857e+01
7.615448853106191507e+01
1.705363876648837973e+01
1.616103840811121017e+01
2.772652811290331343e+01
4.339388428977232337e+01
1.876061141105803287e+01
5.077182668025290013e+01
5.225027854012503070e+01
1.222902070020109200e+01
2.353670074210134899e+01
6.554224850920434164e+01
5.326517892751482464e+01
4.250847650481171769e+01
6.752133361917964294e+01
8.366368025739694758e+01
5.477368847476200386e+01
2.513844344223621619e+01
8.352438562631549246e+01
1.643507753545298300e+01
6.755302041191080775e+01
4.380782729890159288e+01
1.612860211100828423e+01
2.373367071001904804e+01
4.643514142042509008e+01
1.982963454476405118e+01
1.117316290956188496e+01
8.136837067719071115e+01
7.841146408579339777e+01
4.363245503365401845e+01
8.665193918327757672e+01
4.940423239861706506e+00
5.951474143027476771e+01
7.566420715837702460e+01
8.498110136382295821e+01
1.433896200479334126e+01
2.527920390355022562e+01
6.595070652279376944e+00
5.311032876073575437e+01
6.136476738611357007e+01
2.964305764298449830e+01
1.642898139363627763e+01
4.702141514348212326e+01
8.747475859924304586e+01
4.544741999539627386e+01
4.043969847349613644e+01
5.004588460464001543e+01
3.507723885278009845e+01
1.330731574261595007e+01
3.650419120488221125e+01
3.317758761182183491e+01
3.860007263961282575e+01
8.784816359195415814e+00
2.418851153568417800e+01
8.583049327646804727e+01
9.297516563010141510e+00
5.648216952471583596e+01
2.855313254243958099e+01
3.715340731753270376e+01
3.751477240606156016e+01
2.774802876965111054e+01
2.135122090059947908e+01
6.575724865199084945e+01
5.898829369269172673e+01
6.686351818730618390e+01
1.963194250680057351e+01
3.351289006625951750e+00
5.386329102347888664e+01
5.477913660745677049e+01
3.007314116160427631e+01
8.591557081471088964e+01
2.763634369851800088e+01
7.955874488834690794e+01
5.398656060372191945e+01
3.484236462917667154e+01
2.480931480208406015e+01
7.828216804495198744e+01
5.819333688192683240e+01
5.656568332194932225e+01
4.806004654413329291e+01
3.842050577539915857e+00
4.786382031612897237e+01
3.973783352716405659e+01
1.655699197457602967e+00
3.319214395573455079e+01
1.509594603194130435e+01
3.343475483239635793e+01
5.376850979760328642e+01
5.129657999349733188e+01
3.314057478853367655e+01
2.451162864432550137e+01
7.363651425399264383e+01
6.122275576835712485e+01
3.029365638773128033e+00
1.924204974416105784e+01
7.449605332644320299e+01
8.359435370842274438e+01
1.934125143592294194e+01
3.458045904358206002e+01
3.616472071271291888e+00
5.053206379375546931e+01
5.212235377704263328e+01
7.184399329404310208e+01
8.833059937630854108e+01
3.806230791902027022e+01
5.964366328517523019e-01
8.118114868762290826e+01
1.867184298066944592e+01
3.723763589519998618e+01
6.629646832515987853e+01
1.318925584536155959e+01
4.498924575416358707e+00
1.282933370244606763e+01
3.247489155754294643e+01
6.897301405642809868e+01
4.659661548944761478e+01
8.018739328659418675e+01
7.195814005429975069e+00
1.832948791557562629e+01
8.954322432178925339e+01
8.304990344682008185e+01
6.718425159297777327e+01
4.895846096613693987e+01
8.969774180011367548e+01
1.270212010752472587e+01
6.335724030834165887e+01
5.725797652957471229e+01
8.461579112629708277e+01
6.781152924218018541e+01
5.488623880804451716e+01
2.422352396981123590e+01
6.210849663731543302e+01
8.226030029657825082e+01
3.117716015777383376e+01
6.372281496807080003e+01
4.018965114513825654e+01
2.384954102280478239e+01
5.486751930210267147e+01
3.912193405132799739e+01
8.903836388355929898e+01
6.728603785973581353e+01
3.497944911708550819e+01
2.547739785149252967e+01
2.342155964923693290e+01
4.543617413215008582e+01
7.612560914399790590e+01
6.617572484622618845e+01
7.870791952783667966e+01
1.257858269411056895e+01
4.056125260384531828e+01
3.346499307934413281e+01
7.560437366373304258e+01
4.767714235441128068e+01
6.217215901002845868e+01
1.336078298817684917e+01
2.194643392595602549e+01
3.849703581877856351e+01
7.304721771118440188e+01
2.688206546817557197e+01
