6.762473876800584094e+00
3.843090128911131842e+01
8.150850264642024001e+01
8.880770300638097581e+01
5.422302877107350128e+01
7.544280121523338778e+01
5.705972420085473829e+01
1.543210152952451608e+01
2.326156277455763544e+01
7.223130498504366415e+01
2.027244996501706709e+01
2.169660703069417096e+01
2.913282339967626555e+01
8.011534444016056966e+01
4.592124553036838819e+01
5.494010753332430852e+01
1.892977946037065484e+00
4.803704695475261133e+01
8.103802450074691421e+01
4.881356885215232921e+01
5.815313252153606527e+01
1.241748022292263798e+01
8.241214812896432207e+00
4.887272943930753399e+01
2.026775440089201652e+01
8.020651825705205340e+01
7.998915854398099157e+01
8.442212875995632260e+01
5.122602399451103850e-01
5.853523492850200682e+01
4.572548127605820412e+00
7.415470466421436591e+00
7.384194694682074100e+01
7.111300972632623996e+01
5.126521888145106942e+01
2.814722790857391743e+01
5.324108696365675542e+01
3.301677816005957311e+01
4.609401731411507797e+01
1.178405562370976867e+01
1.116022872309945946e+01
3.323046391726064996e+01
8.460502305603560558e+01
2.335836546884066678e+01
4.837291100841130742e+01
4.177319270171106069e+01
8.849467624240990915e+01
9.354614349165608189e+00
6.998379915659215555e+01
9.307365962995849173e+00
3.434946755911376215e+01
6.540135821269966243e+01
4.722559280493795342e+01
7.400434902801389825e+00
5.248287322728689475e+01
1.022213423240153318e+01
1.872695554747220470e+01
7.513051531493570856e+00
6.708603918132750721e+01
1.175800473152749959e+01
1.222641657671939797e+01
1.970950812145128594e+01
6.776753346472681017e+01
3.665996894174034537e+01
5.943221398323286309e+01
4.672960391386211398e+01
7.981978470113639901e+01
5.068190185417484628e+01
4.242101171054903119e+01
2.486653351969512471e+01
8.328905045594079581e+01
8.954705042823866279e+01
5.629963051631457915e+01
3.291930326776693061e-01
3.740732066926204880e+01
5.901741898180785739e+01
5.814627611736530355e+01
8.052428951062194074e+01
6.227151811463878772e+01
1.794880490640160531e-01
5.346021159540019596e+01
5.093886492225795593e+01
8.306889034963073470e+01
5.888821116589435434e+01
8.874125357478799003e+01
1.976084656246289484e+01
1.246337479175685203e+01
4.491902903417997805e+01
5.749713298476834211e+01
3.122379288455891100e+01
6.743524187028353367e+01
8.167962520592513442e+01
6.924160559530450598e+01
7.530748534510675540e+01
1.675772530364110224e+01
1.579734052321210003e+00
3.169980467539296143e+01
8.379783714219603041e+01
1.267529346644914412e+01
2.800132564622606957e+00
2.293565969882216038e+01
3.269201810367734851e+01
8.291217291413917678e+01
7.485245621628743606e+01
4.282110142317824852e+01
7.434106676376504197e+01
5.627204316536262851e+00
3.543479197562616889e+01
8.790153491883995684e+01
1.608711359074808112e+00
7.326648872518686062e+01
7.243123568757415853e+01
1.192569401130825746e+01
2.883320095471889744e+01
8.433700922400271693e+00
7.946514503219371761e+01
7.628910646126709594e+01
8.566204905797202684e+01
2.025186656897240312e+01
2.780673736803429819e+01
1.732635152447907245e+01
8.699662759222654529e+01
8.772065342139299560e+01
2.169332058921797213e+01
4.611197990102305511e+01
8.686500439345958569e+01
7.261117519825289435e+01
8.608508679342655512e+01
1.809228658708440207e+01
4.362730346114400959e+01
3.439641014867274027e+00
8.795994487519475058e+01
3.581374631876914805e+01
7.298570198213414528e+01
2.755939865655196108e+00
2.714088528595226890e+01
6.902219911388711182e+01
6.949752961090368331e+01
3.645324453241541107e+01
4.023557372379733010e+01
7.940770764637682610e+00
8.294839939329337142e+01
4.344080360395798479e+00
3.451285516580863089e+01
3.287352560663488532e+01
2.006430741670218154e+01
8.478500074007148157e+01
3.414039762307749015e+01
2.624963208961360905e+01
8.031152601486203935e+01
8.228169585559206212e+01
6.917486234138807788e+01
2.114185867665374019e+01
4.406537269924994860e+01
6.271751755506606685e+01
4.806453076809561509e+01
3.175427856872261145e+01
1.562022513578641458e+01
3.212395868078914418e+01
4.202764395717490942e+01
6.726821964572869206e+01
4.139910228222667854e+01
1.860066525873934618e+00
6.636492526333124431e+01
1.844721936358458336e+01
8.348977169950200050e+01
5.452829837952700842e+01
7.796485800185531900e+01
6.773102000870096617e+00
6.995508603437450290e+01
6.101525062196027704e+01
7.396618418241489223e+01
3.388102972195899554e+01
2.484345851092650825e-01
2.785151844010995603e+01
4.964936887836657320e-01
1.940144642326348645e+01
2.679935661244612888e+01
7.012660646554482469e+01
2.324065038534005367e+00
7.038685968101454193e+01
2.108583747052211166e+01
7.875041367838642259e+01
3.950442369510526675e+01
4.826882596132310255e+01
2.202361273618280535e+01
5.452178181276337199e+01
8.933528741109954296e+01
6.205745726104841964e+01
7.707873451372648788e+01
6.806700689916847580e+01
2.862392371967971272e+01
1.791441500899408368e+01
4.739920988268839608e+01
2.250477484460814281e+01
5.007337747753538792e+01
7.160968572030223811e+01
8.977664377581173483e+01
7.752513163177269462e+01
3.436965631621310280e+01
7.002957757016412188e+01
8.235244088114691863e+01
4.204089395971426057e+01
6.102706317307382022e+01
6.263922436446667774e+01
6.089253859809305780e+00
4.941804558448816920e+01
8.962280856761729808e+01
1.603840702965393206e+01
5.639783692705275797e+01
3.780778900866320669e+01
3.441448169557713044e+01
5.953569312823409376e+01
6.000500037537899800e+01
3.263726571937912269e+01
3.457291127289211730e+00
6.211952840500536155e+01
7.644207201709339472e+01
3.546786693286189518e+01
4.308467029648535629e+01
7.806184289960746980e+01
8.536910849626023889e+01
6.745936729408425947e+01
4.761033006377646259e-01
8.697480555161212123e+01
1.451807945730809024e+01
5.660646166417694047e+01
4.682534836383211996e+01
8.349590773434687208e+01
4.007408732955132891e+00
8.303491807210338038e+01
8.567422249011141844e+01
3.860033693921688780e+01
7.057313040057265141e+01
3.278608677699536145e+01
2.145546674306356749e+01
2.321606957048432918e+01
7.935140749970837248e+01
3.081720081535557298e+01
5.651173155290891970e+01
1.787416554974680105e+00
1.414768155137388206e+01
1.203135530780627782e+01
2.748581493352591565e+01
8.402375198520628885e+01
5.165275375582032069e+01
6.569943836282092775e+01
1.567793903302574243e+01
5.311225911187722915e+01
6.201632291280910891e+01
4.013922746424083954e+01
2.897113530724050889e+01
5.556828817654937325e+01
6.541298633198510970e+01
8.325426978506435205e+01
4.542799005474767426e+01
5.993502162043077419e+01
6.002190329870499852e+01
8.780336369484552961e+01
6.361225634307769639e+01
2.983371934844216256e+01
8.334913253668024424e+01
2.866563871909472638e+01
4.112432576014256114e+01
7.460492849194444887e+01
7.260845725206876011e+01
5.553155669748747414e+01
8.368160963532007202e+01
3.741091651497112025e+01
3.666353435117277115e+01
3.490087133402848707e+01
7.012926873836497066e+01
3.150402721767306957e+00
8.080272174895078763e+01
8.103256643117035196e+01
7.690577677580988336e+01
5.451192427678692809e+01
6.458916504711876883e+01
6.300638703474414903e-01
5.513955651070535424e+01
3.498914050171824641e+01
3.216948519913938753e+01
3.680359886864646768e+00
5.777423229409992445e+01
2.224518910359596902e+01
8.295493454240762787e+01
6.867306289327856916e+01
1.000584667020085661e+01
1.121791316145275630e+01
7.859149231916241263e+00
8.095519699352601606e+01
3.796941038957525194e+01
5.296872777605349114e+01
5.838503675194386489e+01
4.619507981342754022e+01
1.140312655533323571e+01
5.569054733234849408e+01
1.824034385225072086e+01
1.529066404098881371e+01
4.011957396205578874e+01
8.021652731349897181e+01
6.954189955221536934e+01
3.000738204879429105e+01
7.077690739731922065e+01
3.958574729597924602e+01
3.322217678800829077e+01
4.354690397032938876e+01
2.632428817677067912e+01
7.532253076014617932e+01
7.415840018709796766e+01
4.307603318852944341e+01
1.352029316977734830e+01
1.615846331912501554e+01
1.252751896185617042e+01
5.928359290734265130e+01
1.313127374974621375e+01
7.167037418907658264e+01
7.366931416825002543e+01
5.793116812942542282e+01
4.491821110570169395e+01
5.201009123720695726e+01
8.928322577204284016e+01
5.770567615366607583e+01
6.145935411992145703e+01
6.838060545975676519e+01
2.846045379679989296e+01
4.881235670030929441e+01
5.244425659208192059e+01
8.842497848727194310e+01
2.066680875640121329e+01
2.717511350670420711e+00
7.106671294215948365e+01
8.077570990195194156e+01
8.431362637086670020e+01
1.169862577797757375e+01
4.690063309327872787e+01
2.833928315164584433e+01
6.741586683197496654e+01
2.191656599871813427e+01
1.758290806792902572e+01
2.538983732616606659e+01
9.403261056280542984e-01
3.001756348201360325e+01
3.538153680455371841e+01
7.433623142878664680e+01
3.209101031987935393e+00
6.934867189436687340e+01
3.147950709476342013e+01
3.448553185022539935e+01
1.989481234874291715e+01
5.639441865490509187e+00
2.658730601010461214e+01
3.812274711094474355e+01
8.931406494977316868e+01
4.516412581950415017e+01
5.981619108931141682e+01
2.428357021817214090e+01
1.781709153838512805e+01
3.815969314463781359e+01
6.153464448239774498e+01
2.919367529654719462e+01
7.057109833345080574e+01
7.911908553682036604e+00
7.594358645410262909e+01
8.062351647168875957e+01
7.270579797401693156e+01
7.805385352989884495e+01
4.731838145854118949e+01
4.916629013338997822e+01
7.300303214680771191e+01
7.037057475622758318e+01
5.288211892933990299e+01
3.450335137226041127e+01
6.319153346023821172e+01
3.320347301965556852e+01
2.171845441476816774e+01
3.847475284929543449e+01
2.963928366105657020e+00
5.832255984865891918e+01
8.150090049460774821e+01
6.948350659330691315e+01
7.650918276061618428e+01
1.451023099881854783e+01
3.036326350121365181e+01
6.313362379838580551e+01
8.808081654585136278e+01
1.658457671598122118e+01
5.231958495120831998e+01
8.913914679419232812e+01
1.909366245427493780e+01
7.226854042174427661e+01
8.888266009601382223e+01
7.568086631723269875e+01
3.601916055975865305e+01
2.935861432565364026e+01
1.635575385193045150e+01
5.469538578366005055e+01
3.910164464815586172e+01
7.740582670173910174e+01
8.875095190755626362e+00
4.132317196636279988e+01
3.743521640709459319e+01
1.689867175675071564e+01
7.644305539294123264e+00
5.283441095629998330e+01
3.149591612326674284e+00
7.254112349505500390e+01
1.402198305803688250e+01
6.376199719729049775e+01
8.925274461177843932e+01
8.783845096210434633e+01
1.262597232375109968e+01
4.464706626631485165e+01
8.465235589248709669e-01
3.347641076868586651e+01
6.249559954699609676e+01
3.511611808536814294e+01
2.454551234336336485e+00
2.388938397374981193e+01
3.840737332443104890e+01
5.702659321306920504e+01
2.821737430643776889e+01
1.395190410866750108e+00
3.847773353420615194e+01
1.346820585008729765e+01
8.410967237892307935e+01
1.482688483219756748e+01
3.894215618245487320e+01
6.649123705681576268e+01
8.641777795848365429e+01
4.588822511273420446e+01
1.929766560852112889e+01
5.466365237930737031e-01
8.291046375069144858e+01
3.786641128827488245e+01
4.967133455539026698e+01
2.955371659121840722e+01
5.045070153694694426e+01
7.471109443403119599e+01
3.154450490181293532e+01
1.884768322920531247e+01
5.865478253286440236e+01
8.488225466175948952e+01
5.699212473919693878e+01
8.974399506562497209e+01
7.818903151773928073e+01
7.673576699993820682e+01
6.304770715944290771e+01
3.568633987937480612e+01
6.422428512806187939e+01
1.783605503720511365e+01
5.556606740407951150e+01
7.439554951215772860e+01
6.261355546009701811e+01
3.240012506631353517e+01
7.466129124913896931e+01
7.007234619215645921e+01
8.951713473381359165e+01
8.607250183366321039e+01
1.757978171170865878e+01
2.949617552279848454e-02
4.812505077934819298e+01
4.035044964541445456e-01
3.363203689496648963e+01
4.273483730769478939e+01
6.183826954136855392e+01
8.379728574663208462e+01
1.243232020114419889e+01
6.483906860501285507e+01
7.118612177918792838e+01
6.042346015827736494e+01
5.544816752597459697e+01
7.439906239192841042e+01
1.200247950378759576e+01
5.114952967837673725e+01
6.622713404605435983e+01
8.488062180115107935e-02
5.786861151216781352e+00
5.828223942875476382e+01
7.803393138605670742e+01
8.291161248844545639e+01
8.605032634997192531e+01
8.860517800366631036e+01
6.466137376407213644e+00
7.753566808311731506e+01
2.346615547663779822e+01
2.624705904505810139e+01
8.296182218967537381e+01
8.337892343325411559e+01
4.791945458786277356e+01
4.909931455282855950e+01
8.036700772526050685e+01
8.430242549419510567e+00
5.403582754314145120e+01
2.587956715539561969e+00
9.861688124058057170e+00
9.224422321407091729e+00
8.619780983368416116e+01
7.486207553522618241e+01
5.172284316931251169e+01
2.977862821756505696e+01
6.859328620038638746e+01
4.961454442811628240e+01
5.719247075293941052e+00
6.273078323014980384e+01
7.602028274311125244e+01
3.089518672498282825e+01
8.118382087425293037e+01
7.246649842953797815e+01
2.150529884331283270e+01
6.290373226956536712e+01
6.832778836942287626e+01
5.559655232274759840e+01
6.900754133355242459e+01
6.080234603752374056e+01
7.294642447255984052e+01
4.350369760510828598e+01
6.005940791413949142e+01
7.854552785163971862e+01
8.622073054314714113e+01
1.485916319308380906e+01
8.752952899257547870e+01
1.537659586443501603e+01
3.736727572456930346e+01
3.105001346853236477e+00
5.820666676212792368e+01
4.848782282070577310e+01
6.241117215035261978e+01
4.329423529754034661e+01
4.236266029128655219e+01
5.974752807726905246e+01
2.883495426402151907e+01
3.546841499286060895e+01
3.039580405877002889e+01
2.656270846813776743e+01
7.342145690550890613e+00
5.103441820469245016e+01
6.501316822360998060e+01
8.508244701463721071e+01
8.925255916204942253e+01
6.684157017279842705e+01
1.242825169250802908e+01
3.216918851742023833e+01
3.448952750478695606e+01
5.815811063507137391e+01
4.531546792757328745e+01
3.744749460962315624e+01
5.185658512013589672e+01
8.025391403132012158e+01
6.167252855260654343e+01
2.669459395397483092e+01
4.917237975931845284e+01
4.656884940829401387e+01
2.998632584731062423e+01
8.614590361533549867e+01
2.137665510776633582e+01
2.755806894240048166e+01
6.996223894924615649e+01
3.900665359878825456e+01
8.835741360550575241e-01
5.571249033182941446e+01
5.711266001283489402e+01
5.234268746681115658e+01
9.850169831477941784e+00
6.847991909341097028e+01
1.287788216329851743e+01
1.287134480892488142e+01
2.444993589382623611e+01
2.508764226275089371e+01
1.632676829030767252e+01
8.473462314384833860e+01
5.941648960183904649e+01
4.275844577699890436e+01
2.002060427144148491e+01
3.418687446528578278e+01
3.303664683519958345e+01
2.885529443859251231e+01
1.936791235480709261e+01
2.320493160783087561e+01
1.857192972423521837e+01
7.515899687966543752e+01
8.361221010093514394e+01
6.112810714917071842e-01
8.938300053179129634e+01
9.093603659711025244e+00
2.535708641761223703e+01
1.679922842585716225e+01
4.399925023503428889e+01
1.828906751924600504e+00
3.048657707781399395e+01
5.241024946186823286e+01
2.192469938883375136e+01
1.908723619486633893e+01
5.173269821935150503e+01
1.388057191998559325e+01
3.948072945034283521e+01
4.179966392059042590e+01
2.899026007026907337e+01
5.047706300610432351e+01
4.109883289422396757e+01
3.004154368512226370e+01
5.127186580526121418e+01
1.218134084138108264e+01
5.715160099569673946e+01
9.747784623303815010e+00
7.791869459153785726e+01
8.687856318218149454e+01
5.204754631585129943e+01
1.536777065259280306e+01
7.441446870764319499e+01
6.151598229589630051e+01
3.945402794996557105e+01
3.369511975920688229e+01
6.822259140082117312e+01
7.407602381773853040e+01
1.974654937792636389e+01
8.682695879825079999e+01
5.314594719579876880e+01
6.989893954670800724e+01
6.456937940265291331e+01
6.188930983394142515e+01
4.612725972610876823e+01
4.118227641146633289e+01
3.981977139719474224e+01
3.784528220836201484e+01
8.318908179766816957e+00
1.573661170347667415e+01
3.725748322359510922e+01
1.483328890635332264e+01
4.087155098750093174e+01
1.629020586848564278e+01
7.662617737718782962e+01
5.081872251140281094e+01
3.803172826117033622e+01
8.567613351509479003e+01
3.318846763552527790e+01
1.219927913076510428e+01
8.947195326352586164e+01
8.769680287160190346e+01
6.202489270262922361e+01
6.293810283740094746e+01
8.883238248700548567e+00
6.498244132251225835e+01
3.427592157609237233e+01
6.683603161732756703e+00
4.020984820376348523e+01
6.077058185665489276e+01
3.477306103741718601e+01
1.154035428038858768e+01
8.060890234688828571e+01
7.701383703574499862e+01
1.549092628912311298e+01
1.356661944143261245e+01
2.279106813423084432e+01
7.155535157106510269e+01
4.795665100947008597e+01
7.259179461553462431e+01
6.258304490285028265e+01
8.915078964139540574e+01
8.052302627839642923e+01
8.557336478198881480e+01
1.598829426445209911e+01
2.857682357413764507e+01
5.543087472064706134e+01
5.263020891026764048e+01
1.474000953906153200e+01
8.928092621211270341e+01
4.547420741956521084e+01
4.932187479919225570e-01
2.604806777284675690e+01
5.741669802088292585e+01
7.603702547911153431e+01
5.955866390534783505e+01
4.846472112620764960e+01
7.056151212890442537e+01
2.994326906476971573e+01
5.412600109654477620e+01
2.699910624908281065e+01
2.711213153928912156e+00
5.355332109004256935e+00
8.661442542678267742e+00
4.673424610390195966e+01
6.040702124249831684e+01
7.313105689074362203e+01
1.097857225426484185e+01
7.168808030314968960e+01
2.908047398771991610e+01
4.811021667453404405e+01
6.666684055170215117e+01
5.787229429783751300e+01
1.735067298102301336e+01
7.494485441180351870e+01
4.850671152440372502e+00
8.004675970211917502e+01
2.599554924774271214e+01
2.689243022875447764e+01
1.358829318051484414e+01
8.223679063322347815e+01
1.464544816478609057e+01
3.132058980705701146e+01
7.647949101230069857e+01
8.680689361076325383e+01
6.039578663803150960e+01
4.169507816281308976e+01
8.440941308096367379e+01
2.881620718620591148e+01
7.988861340758592178e+01
4.325455950604722233e+01
7.505583390806782518e+01
6.090156148453620233e+01
5.092404228945301270e+01
4.210531146682832571e+01
1.025201750430034586e+01
1.907878561430510445e+01
6.823123884986304688e+01
4.434876976398415849e+01
1.512857291122538683e+01
7.803926437398148153e+01
2.229661921028283089e+00
2.607428163584797431e+01
4.005950099473382409e+01
5.133322975935973176e+01
3.621019329550154708e+01
2.264694532226335610e+01
2.090879626702059113e+01
2.020267083862651347e+01
7.268940141901323670e+01
1.664762991705021733e+01
5.058882286445221155e+01
8.488253853921251846e+01
7.084291673640460374e+01
5.907179185633061280e+01
8.862101424971301356e+01
6.921463050571465203e+01
3.934560446450251270e+00
1.115877973356946740e+01
5.224539603428026879e+01
8.571024046011729070e+01
4.996055692807421877e+01
1.817189671955580721e+01
3.880919468882542844e+01
5.742086604692232044e+01
6.953616715903373802e+01
7.260135841816656921e+01
8.670154023866244586e+01
2.269693720967623207e+01
1.924648406728094585e+01
8.686627551161832628e+01
5.414925308437280194e+01
4.345108082987044895e+01
2.684104876724537192e+01
5.082425574713820993e+01
1.187954431980869074e+01
6.771761711434220388e+01
2.407461783154367652e+01
2.121679752568502408e+01
1.019462475690611569e+01
4.469208485326480229e+01
7.353536522022696431e+01
4.863664972965741384e+01
6.684852060043111521e+01
8.715555838986310278e+01
3.718990337494179954e+01
5.163978736168631656e+01
2.635933437358981735e+01
7.817822448218149134e+01
2.040932047434965924e+01
7.049819601955981341e+01
8.335927944482371288e+01
5.679301567360637293e+00
5.927877434291328029e+01
1.540703366674498653e+01
2.092356732801012953e+01
5.164738303782008266e+00
5.952492572150909211e+01
2.224102198464518665e+01
3.285447838985600555e+01
7.830469122996926501e+01
7.082417855077083857e+01
5.185238479970552561e+01
4.212635772262052569e+01
5.957610498791142817e+01
1.634243656313346804e+01
4.597036398128523160e+01
5.855858454647344047e+01
5.053111263667116049e+01
5.162112904137565295e+01
8.590890991063035642e+01
5.943832306328405934e+01
7.929183323503846736e+01
7.242362577209620156e+01
8.933923615978997645e+01
3.033432148129180206e+01
6.151339469889859402e+01
5.469292252548747513e+01
6.079867913057116624e+01
2.818463350196730133e+01
8.109646542844961914e+01
5.596284367373169033e+01
5.454918597159620219e+01
7.193311463806931272e+01
1.146766435563447750e+01
4.751752800706876201e+01
6.942671942049446443e+01
4.610228152331732332e+01
7.146874714951600538e+01
1.053610254076934361e+01
6.351681580923545312e+01
1.199622679814680382e+01
7.257230294156255468e+01
7.647344427785763799e+01
7.257446135074594906e+01
7.094868208465571513e+01
4.701266620114004269e+01
6.747483082015075695e+01
6.904474167980113464e+01
4.460957531463813552e+01
8.055024472205235497e+01
3.150715168363342755e+00
5.531605208907131299e+01
2.964130810414885531e+01
8.222428815832610383e+01
8.449321732630541248e+01
3.621705593723439875e+01
6.708587566433500626e+01
6.163026421179279879e+01
8.530455278645300510e+00
8.363712833942614111e+00
2.660371950929655327e+01
6.307322228628824945e+01
7.976604007632764137e+01
3.435321191374607253e+01
1.729528296587642400e+00
2.888614654649916602e+01
4.431302306992517259e+01
5.529546714041121902e+01
7.098567629644752230e+01
2.560955560351034421e+01
4.466869088647879238e+01
2.623575658286385703e+01
7.205297988546402621e+01
7.152289068974482689e+01
4.047497848251993702e+01
7.394329375571929575e+01
6.523518006511676504e+01
6.028028804141702324e+01
3.073767493088628555e+01
1.670377192135995514e+01
1.664434104794435143e+01
4.574067924367922444e+01
8.797679135080331037e+01
2.818840837434523294e+01
2.058974546383722171e+01
4.035493042141128228e+01
2.014528351985470422e+01
3.027720856841036223e+01
8.423573867989628638e+01
5.385960415386116296e+01
2.838570068185596185e+01
1.026058104874628674e+00
5.974781709744683411e+01
5.494776844893028311e+01
8.393326065521235080e+01
4.963481105830069140e+01
1.140636227411716774e+01
8.975368490815293399e+01
8.959767553715731481e+01
4.753129033154458938e+01
3.646027791744309354e+01
1.269824035107050975e+01
7.246289851380487335e+01
1.183646739701064732e+01
3.896797961753012629e+01
7.957169432089915517e+01
8.105346800845158839e+01
3.493131652445137014e+00
8.825433145923527434e+01
1.678074324069926249e+01
2.750395829318659580e+01
7.095464947023599223e+01
5.763209161776998002e+01
7.782621582252129144e+01
8.269168777157645422e+01
2.953410105182037881e+01
7.369586274738217924e+01
6.271431890396698350e+01
7.879215424237909815e+01
6.049787735964214619e+01
7.532681288434737610e+01
2.701913419288430163e+01
7.450153167034031298e+01
2.103054182746497602e+01
1.676600933848567010e+01
8.916571638410839284e+01
6.823672637694474474e+01
1.318730861751835093e+01
2.026618947594396758e+01
5.719287429713761384e+01
2.447237686638485066e+00
7.452517063724671686e+01
4.665916581654969519e+01
4.323189388398082400e+01
4.615248259252670238e+01
2.876628867195677941e+01
3.763838188667460116e+01
4.710138951757059544e+01
8.132216448274860454e+01
1.631977825432318063e+00
8.266135692615068820e+01
1.691955406969270470e+01
4.755764216221184881e+01
5.438819555862916388e+01
3.728618486401325072e+01
1.401874148085268601e+01
8.652153299092644545e+01
5.338279940426541259e+01
8.946989615181614397e+01
3.572216388623366612e+01
8.554651716639742176e+01
8.254909155482333460e+01
4.939161006947642818e+01
2.069856431814469744e+01
4.027846793257880620e+01
8.532764046695019999e+01
2.137054718286953658e+01
1.983000243831599363e+01
3.127627477502553077e+01
1.572831293097983796e+01
5.891776298980372140e+00
4.420246757752528310e+01
7.046591382181075858e+01
8.821370833064511885e+01
5.986230115413837893e+01
5.133984680789235711e+01
2.635390154811332408e+01
7.202563132340557672e+01
1.861945997564952293e+01
3.865418080409445878e+01
3.506230677649787708e+01
1.599984626307149504e+01
3.858193979345641011e+00
4.371086244668482834e+01
4.157441775880972301e+00
3.974281610353291860e+00
4.873758945852477353e+01
6.098148403503342507e+01
6.546009891212479204e+01
8.448937309468053058e+01
8.711015502185571791e+01
4.692508640598308034e+01
7.907523726913002804e+01
1.632161311204680132e+01
4.413960523772617961e+01
7.770732426854625885e+01
4.502029721089762404e+01
1.053151318749135790e+01
5.404389923640533766e+01
1.135740138512621833e+01
3.470524328400649239e+01
5.112699053698221263e+01
7.669100242251373345e+01
6.410789272213571621e+01
7.796268902268764123e+01
1.942121742387002925e+01
8.396215916979969052e+01
5.310232077118524074e+01
3.604214492035390549e+01
5.227940156128148175e+01
7.562882990744800793e+01
7.605037539307858196e+01
2.964879790095639400e+00
1.276606231632367106e+01
4.883031348717786813e+01
8.089207789897569967e+01
2.717252675724638422e+01
3.001632284623028823e+01
6.087012568615107000e+01
8.812475316457768493e-01
1.208717448382552639e+01
8.239460942732497983e+01
5.400497984519983419e+01
3.546812085562749672e+01
4.294359571674986142e+01
8.551054043488768741e+00
7.857318513122852721e+01
7.321701085455025293e+01
7.114327055865385319e+01
2.640244317374500582e+01
1.191974696660068034e+01
7.242632366111367048e+01
1.096517560043249695e+01
5.400712507282016617e+01
6.529708180726771616e+01
8.262572860326055491e+01
1.392793879584767192e+00
2.247564791797678652e+01
1.879686320728098892e+01
6.005152472120890650e+01
7.579127246176487631e+01
8.827985850201788054e+00
5.771514648172976081e+01
6.636184233489022688e+01
7.519152678057361072e+01
2.723130335394546364e+01
4.964612497479732411e+01
1.056732032073678695e+01
6.092558163986312536e+01
2.840619441536268042e+01
2.743056611701126357e+01
1.397258938979894261e+01
6.692212729850001551e+01
7.037915048558853925e+01
6.212544836493857758e+01
2.013415613508510660e+01
3.821095694839878121e+01
6.510545847570155864e+00
2.637772608621131454e+01
2.521457585274123403e+01
7.503860118029203363e+01
1.768684721267414162e+01
4.072410738510935602e+01
1.139079089581530724e+01
1.594722930033817265e+00
5.429401224061079034e+01
