2.529890397075738306e+01
3.050950770422228331e+01
4.971910943549644912e+00
3.993189749252826459e+01
8.413031428106022247e+01
6.436673738966024239e+00
6.870863057250068096e+01
4.828423081551073892e+01
5.278616208154461731e+01
2.790343624602118311e+01
4.423417928702302504e+01
2.642395026373006317e+01
2.916975891355783190e+01
2.724922468948657439e+01
2.901742305178465209e+00
2.013886176238867165e+01
8.824703597455373938e+01
1.704372460269048162e+01
3.537571169321400788e+01
4.665351802022459360e+00
3.496286319336999782e+01
3.319081990495695322e+01
1.021146273674857596e+01
1.691867466904959016e+01
6.841191201595658811e+01
2.388543151996686831e+01
1.124257223872521294e+01
8.535423336486238099e+01
1.022113466447996011e+01
7.435599996606086393e+00
7.521260323862416897e+01
4.129343245331380530e+01
5.853382170438717935e+01
8.297607642413558438e+01
6.969832033346312627e+00
2.330560371909215434e+01
7.739554721760366629e-01
7.335857495306889575e+01
2.121791657724826763e+01
5.599343070305044989e+01
3.928634361439679168e+01
3.821520905539037471e+01
8.745874841387912113e+01
2.748682429354955659e+01
6.304168938321421223e+01
4.778501571152725091e+01
6.071178949411306291e+01
7.625669620623999378e+01
3.459068920231647581e+01
2.848748051454150954e+01
5.654627804703991245e+01
1.565841975195289670e+01
7.527322656179750027e+01
7.202452123375800852e+01
7.587492046964846359e+00
1.330312656913607228e+01
4.008331328557824236e+01
6.970499621214533192e+01
1.697801917824803652e+01
8.284329057040958233e+00
5.109796941030381845e+01
8.841005032646475570e+01
1.928665571461603179e+01
5.335026702650157659e+01
1.343813459793334530e+01
7.229025847458746057e+01
2.719703841175692105e+01
4.429420457591820792e+01
5.273703104593845836e+01
2.876426921695760797e+01
4.842086633730739464e+01
4.600734680094984697e+01
6.198752666720572790e+01
6.391322764058053707e+01
8.673567850610884022e+01
6.182065118806229442e+00
8.477598498303123620e+01
1.814643926462117207e+01
7.957312585511013481e+01
3.431803917907996748e+01
8.037494286582020209e+01
8.500482456867781877e+01
2.878836838267958598e+01
6.297421840908462087e+01
7.383908537123632243e+01
7.255630771176518579e+01
6.003803307964530234e+01
4.170433072051161361e+01
3.014175858338228764e+01
5.994879451540771065e+00
6.832471258389308844e+01
2.638825524959448288e+01
4.295059353885960007e+01
3.665773290214160340e+01
8.003867298642748551e+01
6.407485621944069010e+01
4.673137126770490823e+01
1.151212941179660731e+01
6.992385654889793045e+01
5.132325848402602020e+01
8.583616817016627820e+00
4.869172155097834320e+01
6.652373742729066919e+01
5.148706615951331855e+01
6.165335346029396035e+00
6.596582675051581646e+01
2.321677985684911238e-01
7.394758845011907056e+01
5.075308083352024369e+01
8.887284876506461728e+01
4.539224994240760225e+01
3.935124678912589502e+01
7.795608543833392901e+01
2.784274596712620564e+01
8.051854488411704480e+00
3.116372599396238741e+01
5.063186198009560712e+01
3.223892371283080394e+01
5.356867786529423370e+01
7.894838424411720723e+01
3.595123921152859836e+00
4.850988650308811145e+01
8.418728076993636478e+01
5.652902123988100413e+01
4.665983609767355489e+01
3.585512072475273726e+01
2.868789309348127503e+01
3.831858742727794009e+01
3.459406262038704227e+01
4.858582094985553823e+01
4.600705971624829083e+00
8.846628133791188020e+01
1.078748429579953694e+01
6.691298903008983245e+01
7.828347892093508165e+01
5.636190629251141360e+01
8.223378240525741489e+01
1.683470818976811856e+01
3.368656396123645891e+01
7.902678383187182476e+01
6.601608165378439708e+01
1.521994710606539769e+01
3.364734596318752580e+01
7.301895771629179421e+01
2.858948604840837504e+01
5.727836548338638778e+01
4.029752454520195926e+01
8.656711416742818699e+01
3.041631505371049116e+01
3.222787268082520740e+01
2.495721148196490091e+01
4.919429154076875221e+01
1.499487337595324554e+01
3.965819682926013456e+01
2.694656397660622460e+01
6.619573475675352370e+01
2.257676230263043760e+00
8.422562908673361548e+00
5.376332940772358171e+01
8.517385871566422395e+01
6.981406771965616542e+01
5.959485271862514821e+01
8.926105531557178097e+01
6.840930352351776378e+01
1.105031536700115247e+01
3.445506469389322746e+01
8.966811174007081320e+01
2.651614555310566956e+01
8.986262644135511835e+01
4.645939260588758657e+01
1.034080676348364136e+01
5.030909599116256459e+00
3.471642488851434649e+01
7.943568865407770829e+01
1.127909165287823612e+01
1.401487576776500887e+01
8.669194570780307174e+01
6.167718954713962631e+01
4.250770932331194274e+01
3.815086436694316063e+01
3.390908516022900443e+01
2.300977521283529015e+01
8.136899837118880896e+01
3.698359506574573885e+01
8.982326692178834548e+01
4.026287294033723896e+01
3.403086129799778803e+01
1.885706336861568966e+00
2.824916385533426322e+01
1.379113337307042819e+01
1.976588337715065791e+01
1.691655073292437361e+00
4.064467484522158003e+00
8.692917140589075586e+01
4.379138284137829373e+01
6.692778151346458060e+01
5.377589605283096574e+01
7.608105127189483596e+01
4.600509875751821909e+01
3.931212167516552825e+01
2.512295657420617800e+01
2.482869694625463097e+01
3.204358703729494096e+01
5.332878487020247249e+00
2.118738155540836843e+01
8.966166331954202917e+01
4.803125693774705951e+01
8.215251649725976790e+01
4.682123527158493204e+01
5.521479478098193283e+01
7.480164134805032461e+01
2.841850875046263880e+01
2.757935640817592216e+01
8.330421138262808256e+01
3.010356265967815759e+01
7.183389422586395767e+01
7.239448391975777497e+01
4.650167879496517997e+01
4.165063920840557188e+01
3.074786198369528378e+01
8.506092964170609605e+01
8.766177774794594768e+01
4.504560370600449914e+01
3.407770548758547591e+01
3.237358906436119810e+01
1.912418629219722277e+01
5.114912166795522808e+01
4.581678993259530586e+01
8.796031041940119621e+01
4.986082487363020732e+01
1.437146842153528326e+01
7.174113262544776148e+01
5.146080684181220732e+01
5.228281622634268189e+01
2.767802397619889376e+01
7.571500211494974053e+01
8.577398411951672585e+01
6.980834760712704679e+01
8.603972333050792543e+01
6.331329467972828695e+01
8.492064008346633841e+01
7.856863304446785889e+01
7.540669612641860908e+01
8.287319106183051787e+00
4.250838970869683209e+01
6.869336943654793970e+00
9.532605719481777484e+00
3.804092509464719107e+00
2.152476356614286601e+01
8.255360115327864889e+01
4.571711768316717439e+01
2.297216124737363785e+01
8.330918770357092740e+01
6.751109350902808615e+01
6.186106366140807467e+01
6.379544011396514946e+01
3.393932906990600173e+01
8.455633139022681632e+01
3.077416084874304403e+01
6.935041142033419703e+01
5.514874318211705884e+01
4.714042306088985868e+01
6.235626359041211231e+01
6.827097140161571076e+01
6.740515523652237384e+00
8.614137240007201513e+01
6.118318690630369616e+01
4.629049293706121659e+01
1.490425542653817814e+01
4.303895914738015449e+01
8.833362216922868271e+00
4.387241138164607435e+01
2.555119908421568553e+01
5.077525477965041034e+01
6.557877888138024858e+00
3.036357253013320445e+01
1.665580026627249666e+01
4.686067589909257691e+01
3.186675149585012790e+01
1.120457623316592155e+01
6.362301492264565184e+01
5.298343221753469123e+01
6.374012672977098504e+00
3.366698206834899310e+01
3.233303002105204627e+01
4.049066973763721933e+00
3.830841127745817687e+01
5.263144179807957102e+01
1.754141803307611980e+01
3.235497829841064998e+01
4.331939786751787125e+01
6.527595411989581464e+01
7.991881138595066147e+01
7.903644449573255315e+01
5.199566066064143399e+01
2.264718205773674953e+01
2.989100431271655367e+01
4.486845137971238628e+00
3.599172590046025277e+01
5.957797623984018287e+01
3.471184192901546339e+01
2.810320450292969596e+01
4.092895234307773222e+01
7.606910195744282532e+01
6.030502573923612886e+00
8.450959011695896095e+01
8.334360943504211150e+01
4.510524305000697609e+01
1.456820748867491488e+01
6.031574364567319435e+01
1.389613438027491554e+01
2.423253654925805733e+01
7.517737874219180583e+01
2.197327482208405236e+00
5.000151052035961552e-01
1.970248268101127564e+01
1.676407365580454822e+01
7.393357270332650444e+00
5.410047129765904117e+01
1.093638351089081517e+01
4.029293749869418662e+01
5.669515783234422912e+01
3.934397998993657808e+01
3.830629976916384294e+01
7.164146181821405435e+01
5.413035933757240059e+01
1.412691754463138949e+01
5.357584949956508069e+01
4.555044326182576242e+01
6.204106602252621450e+00
5.517576818022136820e+01
1.424358868014988033e+01
2.839391568077495975e+01
6.406798408898589514e+01
8.693643032304814255e+01
6.983733934664161325e+01
7.674081421892893218e+01
2.126571357336575829e+01
2.543505182846647017e+01
8.106420931262793772e+01
3.647544384085975366e+01
4.368710262301984670e+01
8.940328469743160156e+01
8.931599364891219750e+01
1.555449540252123519e+01
3.728003543714037704e+01
8.861098948420806209e+01
8.265341183882725318e+01
4.287215985240306537e+01
8.715378426298836700e+01
3.827112807257639560e+01
3.035493849254254428e+01
2.069194071604600893e+01
2.437513811183543311e+01
6.580487628372240749e+01
2.285904576079826356e+01
4.172837321598993299e+01
3.126741951088697036e+01
7.594027210073976164e+01
3.629724588691690457e+00
3.964652350968533856e+00
4.762069994661860051e+01
1.592994209602393063e+01
1.408068484704831569e+01
4.953362553822174874e+01
8.400604850892770514e+01
6.805127962301993705e+01
7.514589667774305326e+01
8.354735960078072310e+01
5.056946078241502818e+01
6.499008353263310767e+01
7.506329923469529319e+01
4.058961842808375309e+01
6.274178249315129108e+01
6.703005394260347316e+01
3.574895280913867879e+01
5.143969555409066885e+01
8.247763430634383042e+01
6.966474337428324759e+01
8.535790092811696184e+01
2.813162495745352487e+00
5.698610710202665075e+01
3.673426436528594508e+01
3.304944921008022618e+01
6.141284884410091394e+01
1.268851522714229851e+01
4.646154898419931811e+01
2.165527175126700854e+01
4.731898505487121298e+01
5.600839445839780240e+01
2.722861851969881641e+01
5.584910673061660447e+01
4.092869434151673147e+01
9.043421496796904435e+00
6.616091779715843302e+01
5.756750533156892402e+01
1.742858360746047452e+01
8.343538564503856492e+01
4.340340158068325849e+01
3.237253097005191904e+01
7.224025502234749752e+01
3.975636463407378329e+01
4.384312043336792897e+01
9.733862058418383256e+00
8.014608248673410174e+01
7.373192990951510595e+00
8.389694860583362868e+01
5.392588030512329311e+01
3.113755123091251420e+01
3.278851436771874717e+01
5.825239839540090259e+01
5.546964189573039761e+01
7.205425065953315311e+01
4.092307528389610383e+01
5.935689297742324300e+01
1.433530251162712510e+01
3.472996935862476597e+00
8.525433350211898187e+00
7.969779357599098546e+01
8.753936529910814102e+01
5.407708116108013030e+01
2.102216271416697069e+01
8.181340808017873201e+01
8.173124039310868838e+00
6.294219865634796918e+01
6.468086472711522106e+01
3.016333764653461458e+01
1.904367496776808011e+01
7.818255495471827032e+01
8.054736475019383590e+01
2.430403317736879032e+01
2.744812420486477578e+01
7.386614821387366803e+00
5.163461105726621980e+01
1.432664079452495010e+01
6.185785167869952694e+00
3.928152123511434723e+01
7.735036795804121823e+01
1.757063922103923659e+01
2.016706105541826588e+01
1.148308155563720057e+01
6.245962340717231598e+01
2.014713806239102212e+01
6.699451226394140235e+01
7.830288130026558235e+01
6.722238477007131507e+01
1.587734097322470106e+01
7.616762463562136531e+01
7.590845765963156566e+01
7.901416672350785042e+00
8.836912325989178640e+00
7.381566293413079904e+01
3.230520302225919949e+01
9.490768440589739896e+00
2.781228330347642697e+01
1.476481671050112743e+00
5.878036451626079639e+01
8.279645129510586798e+01
6.256263116157682447e+01
8.650794845014662826e+01
7.554518033135829569e+01
4.562991327720637713e+01
8.769979627726571891e+01
6.030723814579884845e+01
7.772054051739230829e+01
1.335627096403787561e+01
2.462682679478669368e+00
1.024712227791583707e+01
4.081170073506985574e+01
6.337611184283501231e+00
3.469774571489542048e+00
3.620100287668220318e+01
3.761840950299128394e+01
6.602118805472292706e+01
2.312866535741423135e+01
1.311657325512275563e+01
4.737394532038629080e+01
3.120416512375090079e+01
4.783706275348057346e+01
1.774401519759988588e+01
4.069597907547537829e+01
3.408364786224790066e+01
8.276437591327240284e+01
2.253247400395265743e+01
6.903975153785641794e+01
4.639892475947229400e+01
1.148566199423543033e+01
8.418681648986677146e+00
2.713918083463904907e+01
8.449179570377914672e+01
5.718568318917383664e+01
2.934808630708972288e+01
2.649823831328351886e+01
6.851920234267768706e+01
2.504526452445446694e+01
1.629605553913011917e+01
2.141783463062927950e+01
9.483922251311893703e-01
4.026830732526380530e+01
6.611425790478784847e+01
3.000368280634777562e+00
8.933343055222323414e+01
5.182401369272331948e+01
3.730784493627944620e+00
2.028802052198327033e+01
4.103086635160532580e+01
4.200887439046720573e+01
8.807680053180231283e+00
5.872111033845038719e+01
3.668553469975924486e+01
6.029137430108524143e+01
7.482361278103901725e+01
9.058833160957682651e+00
2.111013433122168337e+01
6.446909943310080848e+01
5.434375245935532206e+01
8.937958446942491264e+01
3.081451224436988312e+01
2.949401436066231597e+01
2.525950401073648521e+01
3.616757404306715529e+01
7.081189278773719309e+01
4.173105905154619677e+01
5.559173996224107839e+01
3.121586612658880000e+01
5.968964013431985194e+01
2.389653969611018525e+01
5.992852845768221925e+01
6.325020892005228035e+01
7.195264126278965477e+01
2.676655542972880042e+01
7.732165612088935802e+01
5.184124417061364198e+01
6.024856141271762056e+01
5.022852390992549942e+01
1.786887200765137607e+01
7.420328595442256869e+01
3.441520999210214882e+01
5.849845407129026853e+01
1.719670515610015604e+00
1.713877910619327594e+01
2.852883273404712128e+01
5.812074477275132267e+01
5.854728079926668727e+01
6.184785348916150838e+01
4.236589844217663625e+01
4.536718179187381139e+01
8.802731485271343104e+01
2.017919655061391637e+01
7.973759131031411584e+01
2.911227137586884695e+01
8.055595500368296769e+01
7.533166526897690574e+01
1.066151018722383625e+01
5.175989678621388634e+01
4.021550615515202054e+01
1.850185535185841346e+01
8.869202665034589472e+01
8.707754704671141610e+01
5.844382725478900653e+01
7.747494792572106803e+01
7.314440458203094408e+01
7.825429482393963099e+01
8.248728054787747510e+01
2.760180194080958316e+01
2.132278432309710681e+01
2.962091685802519336e+01
3.225875330735083679e+01
8.585386014788218745e+01
2.038548279947234576e+01
5.349458289568113400e+01
8.141644591721538404e+01
4.450116094475167472e+01
7.804951951041711311e+01
5.620044195919802377e+01
5.032264302654280641e+01
3.728236732284170785e+01
2.645637872356114073e+01
8.332758419100893832e+01
5.512293804760851401e+01
8.328308459132580310e+01
8.266243125794055402e+01
5.479917907149629031e+01
2.844997298232737037e+01
1.191383223699920180e+01
7.827966425109346460e+01
8.392131244764279074e+00
3.736624414228608515e+01
8.423572188664647342e+01
6.640191244185123409e+00
3.756502814824833791e+01
4.835830542711067892e+01
1.572149984435394110e+01
9.917522812144297095e-01
4.887621134002071699e+01
3.910089865260682274e+01
1.285044803976776606e+01
5.503401500777454203e+01
7.996375401659777538e+01
1.946487824642887432e+01
1.581966904185003742e+00
6.300260837929434388e+01
1.683002518349189813e+01
7.316757063444001119e+01
6.099960734280755048e+01
5.515199046561321872e+00
5.872053974919184327e+01
2.742824523538734738e+01
6.410907326455608768e+01
1.320771886674856965e+01
5.033973338895056315e+01
8.323419982916325921e+01
7.188388197131088475e+01
6.565204530238747793e+01
3.143619966358442497e+01
8.871157331702436011e+01
6.412206634811087724e+01
7.104201211382772385e+01
2.761048724525953446e+01
7.137126670373132242e+01
5.051244919297043623e+01
4.925015847921785195e+01
8.019380060287136303e+01
7.912509499836099280e+01
5.901892650475713253e+01
3.878855397558375984e+01
3.066878299153217569e+01
6.615188616134113886e+01
3.456948071564017511e+01
6.713464050303450392e+01
6.011924149593491506e+01
7.203801860903809029e+01
7.626039646112637627e+01
3.686923337014283675e+01
3.393751189828716264e+00
1.314209908683879924e+01
5.189238921741318933e+01
1.348129591858200627e+01
3.659318567695005697e+01
3.026611552953217910e+01
7.474045522383823936e+01
1.542624119800527893e+01
8.843667554916166296e+01
2.552604233943339906e+01
5.564758014136666020e+01
7.438615865209366973e+01
7.843003217685924255e+01
5.775540747530646257e+01
6.636881633759000465e+01
5.922538198810595134e+01
4.331416784771304407e+01
4.113835548589243274e+01
3.111685323964345784e+01
1.980993068757848086e+00
4.763661300146686273e+01
6.036004529297581911e+01
7.237734006237822371e+01
6.710121808228230122e+01
1.083622673062345143e+01
7.052158999125737182e+01
5.092945058442820994e+01
3.299508982650749545e+01
6.986475444425171588e+01
1.632519276469208336e+01
8.414678728136620123e+01
5.723446229065412894e+01
6.499176691891581470e+01
4.923204501998235827e+01
5.278487854368266596e+01
1.358161516173085737e+01
4.870855498462856303e+01
4.683161885456250673e+01
4.119121916775586101e+01
6.250882152100036393e+01
8.892583599987921161e+01
5.545219146180470915e+01
2.005395651494480802e+01
5.982086087460078971e+01
1.116178936268120658e+01
8.283577947551528098e+01
5.674327001970620898e+01
4.884346122683159308e+01
9.990228996476758994e+00
6.316686484386866418e+00
1.678603783313705833e+01
3.773833234829221617e+00
5.812829834663497053e+01
7.025460326726394555e+01
1.846737167792501522e+00
6.958441958105333924e+01
6.600276759406848726e+01
5.801901733401690109e+01
4.710098629956227256e+01
6.564266441367799132e+01
6.179877839156111463e+01
4.222297971894477087e+01
1.140062826100906035e+00
1.499666032131339932e+01
8.987552416858913773e+01
5.331864839690509683e+01
5.200412922092310453e+01
9.952330289312959266e+00
2.104356565297552883e+00
7.415975549015391266e+01
6.028674283071801199e+01
3.689417233666758733e+01
5.723632518833310456e+01
2.753392088773751567e+01
5.189034577246374624e+01
6.857279272728199260e+01
6.970944616409295236e+01
2.534497370632669444e+01
8.266523187945163897e+01
3.317104760206153458e+01
1.340039475171368366e+01
7.021973617675877222e+01
5.983537538961558511e+01
7.761503726155795846e+01
4.065957530714906909e+01
3.210349058778096065e+01
4.843084570755772233e+01
4.706432898647852170e+01
4.265436991039288728e+01
5.175700552091869611e+01
8.259097508178626867e+01
2.414817650058013498e+01
1.215323183538153273e+01
2.258687283294883130e+01
4.958059281522861284e+01
6.320307222342683673e+01
3.752802899119515700e+01
5.440445204749463137e+00
2.435464047508776275e+01
1.819207437730071319e+01
3.369665864892132934e+00
3.355563963948672779e+01
9.169633892227134098e+00
1.833338840525648550e+01
5.613502021956116295e+01
8.142304721083560537e+01
7.580144687911659673e+01
5.629881811158588789e+01
7.076180842536997773e+01
7.874798332810765089e+01
7.694578401601839346e+01
3.819416947730458389e+01
8.910265223890338859e+01
7.436948541222747622e+01
2.730720623749061993e+00
4.795893839859543561e+01
8.069501172933148325e+01
2.374117998934138640e+01
4.046881230048480660e+00
4.891501929726381803e+01
7.408124546408944866e+01
8.610998348825054904e+01
8.499666792624360312e+01
3.002434254756086496e+00
8.277406973602174389e+01
2.239490771428451055e+01
4.475415385236087928e+01
4.725080843281426723e+01
6.831148200307340801e+01
4.201726886708627262e+00
8.181842484232815238e-01
6.629359149105717108e+01
1.961372528897064527e+01
4.906659708010661802e+01
2.580684022234921215e+01
6.838273511884213463e+01
3.646109305451668803e+01
1.946277415158284896e+01
4.994140356868407338e+01
6.489874869269775104e+01
3.531170666182015339e+01
4.057007279293847546e+01
2.433511316969560667e+01
7.074943498626952021e+01
5.348504201180367090e+01
8.645699023644048964e+00
1.721948172594053306e+00
1.234009890614089322e+01
8.080560533815304325e+01
3.197186958501149334e+01
3.761044594291831800e+01
5.882814663611066663e+01
4.843418466502890141e+01
8.081777379222582169e+01
8.865579910288963106e+01
4.534898610360984605e+01
4.546746653209530820e+01
6.461751445368862790e+01
6.863751790423059163e+01
2.277485156192716076e+01
7.355845776227870658e+01
2.753998474337779001e+01
8.119025269572844650e+01
5.859776124509357942e+01
5.309950379159791112e+01
7.602347723749676156e+00
7.879991025498658530e+01
8.386749155370370801e+00
4.851489501211246136e+01
6.249945495185347255e+01
5.344378868290704077e+01
1.878522313688093703e+01
2.728186969972567155e+01
3.689497784208237618e+01
1.401876855721449822e+01
1.832078062997137735e+01
2.408919937163314273e+01
7.946110696015279018e+01
2.878964561544900391e+01
3.450010896770643853e+01
8.727918181274711174e+01
4.284221991253648554e+01
7.337483580438193087e+01
1.896681886851033738e+01
2.497679003605802706e+01
1.964634816164701192e+01
8.642175328492166386e+01
5.065211599593729375e+01
1.131889036202806054e+01
8.042089143868803092e+01
1.180481753087801700e+01
3.383090101437222330e+01
2.105938610518139953e+01
7.525365996994324291e+01
6.394097007303637525e+01
7.352385853627134793e+01
5.810125592025153907e+01
4.099566911180124862e+01
7.833930271798887190e+01
3.507417244110332888e+01
3.361146307385523002e+00
5.245559267201728915e+01
5.885496287225950596e+01
3.639845837858929656e+01
5.117834494427920333e+01
5.243625574044136073e+01
8.220526327698367197e+01
2.605357618455573387e+01
4.266884130533915709e+01
7.752957501700890930e+01
5.755590961546819528e+01
7.709512502832085090e+01
6.462030277895161134e+01
1.073380326348141089e+01
3.819885073688423915e+01
8.404364942250302306e+01
8.019821043977458430e+01
5.388059803209182519e+01
2.489238947462599327e+01
4.210670817087528661e+01
4.780739767145172436e+01
1.712161786928204066e+01
1.785155037512452481e+01
8.929699787265134603e+01
7.286206053611608979e+01
6.581956880572937507e+01
4.149495234500193419e+01
3.357261619787887241e+01
2.404456095853956477e+00
4.978854828796450960e+01
8.935814286237591375e+01
7.737628919634876468e+01
2.938208529631478427e+01
4.593997353395993599e+01
6.881488186595412060e+01
1.149567220158097491e+01
8.923857275298195191e+01
7.693032327943210191e+01
4.392659218245328390e+01
8.340651723308971555e+01
3.335309509507417403e+01
5.846917059156029950e+01
7.675612847973060582e+01
9.956793578608902351e-01
5.817760434215245624e+01
8.491140459392917705e+01
2.442024007826135801e+01
7.242685530972960350e+01
4.550024724613097504e+01
2.901891524690454105e+01
3.813060731092124200e+01
2.120282575000956982e+01
5.841442787946623838e+01
4.014824141337035002e+01
2.685174267295619899e+01
1.219210124433049458e+01
4.581804845019496142e+00
4.630974760304955140e+01
4.169536718591587032e+01
8.043587122701033820e+01
7.272125528166532149e+01
7.533005265061039779e+01
5.317409305190176383e+01
6.512994561168704877e+01
5.715769732302506867e+01
2.973381923420633655e+01
2.944554568109060710e+01
7.201296766239570957e+01
5.186711165631526654e+01
6.080359928809881609e+01
1.051775141410186443e+01
7.437185162698057184e+01
4.261207233550146967e+00
8.770479526300397310e+01
8.922578176856062271e+01
8.869032556754461893e+00
5.996041256214775927e+01
7.256749011672027905e+01
4.362402865587350220e+01
8.827848832554741421e+01
5.580279435938238208e+01
1.277683531278916362e+01
6.873042602007943458e+01
1.441269065221428036e+01
3.986914201763101318e+01
6.602339782097155307e+01
8.096345128379334710e+01
3.364224072193770354e+01
1.113686961778546447e+01
8.796412285563229716e+01
5.069650567985073764e+01
7.436843530998677920e+01
5.801307603139647995e+01
8.000152604003984891e+01
8.828571987065851445e+00
8.436005529292842198e+01
8.899612633608758472e+01
8.869691894832233459e+01
2.990855873139859966e+01
2.124376714263809163e+01
6.647486922973052970e+01
8.878869853682175517e+01
2.835402308536310301e+01
7.193756943001397985e+01
4.475463028733491200e+01
3.995086024493763688e+01
8.731405350201889348e+01
1.745014143733625289e+00
6.291509420954596976e+01
1.862654747110623887e+01
8.221806816304739129e+01
1.225646296430186055e+01
5.551635900498365572e+01
4.435218920070023785e+01
8.164102756977824171e+00
7.653030524550042912e+01
7.438289006330997211e+01
8.222450214979207317e+01
1.738312106006484470e+01
5.306860766064026080e+01
5.466193155155181671e+01
8.572922683518261522e+01
1.801387679742606451e+01
4.813780682345116446e+01
2.060105734258349131e+01
3.987961586894438426e+01
2.025681798341933515e+01
2.222704656676224744e+01
6.176010115423843416e+01
7.257058250046939918e+01
5.503932892959058165e+01
5.104157637023025984e+01
6.102120616624370086e+01
5.225402166115507896e+01
5.311684898032273594e+01
1.514840375235769443e+01
5.755257012173095887e+01
3.026623437356989044e+01
7.976329553242509007e+01
7.015941311051992102e+01
5.318243418752719975e+01
2.824130409259817398e+01
6.286849096684871796e+01
6.264527538273689089e+01
1.079132865664730723e+01
1.679781766977831436e+00
4.204326881585146936e+01
3.093532530144380388e+01
8.313958544227824987e+00
4.101641596811280266e+01
1.973565522859338373e+01
4.016426214843136222e+01
7.041113826426806099e+01
7.714362999807751464e+01
7.853941907381114618e+01
2.112373762476120476e+01
7.582255081431001997e+01
7.158200874237635958e+01
6.682692256166228617e+01
3.208421712655014346e+01
8.499423765903873118e+01
8.117436211957405590e+01
2.841123291626238156e+01
7.192905329804729320e+01
8.116915454153246401e+01
3.850071699041340167e+01
5.908001681309374931e+01
4.780670408962215134e+01
4.902017564295250907e+01
8.209899501254378151e+01
1.499511130864680375e+01
6.886761325414819623e+01
1.995709152553999388e+00
7.110423997325727896e+01
6.347033543099998099e+01
7.373186421007991598e+00
4.796342475459356436e+00
7.173268639608987307e+00
1.051449202185859022e+00
1.294230411207017895e+01
5.657396978126967468e+01
7.915014532972978145e+01
5.302037428913414630e+01
5.811255294921160441e+01
4.979594967381868997e+01
4.044640941058646177e+01
3.304902670009591503e+01
3.858266475458083988e+01
4.106226084281640709e+01
8.877367152514743509e+01
